AngleServo,AnglePlatform,Voltage1,Voltage2,Voltage3,Voltage4
29,-30,0.57,0.02,0.00,0.42,

28,-30,0.04,0.00,0.00,0.96,

27,-30,0.07,0.00,0.00,0.93,

26,-30,0.08,0.00,0.03,0.89,

25,-30,0.11,0.02,0.07,0.80,

24,-30,0.13,0.02,0.11,0.74,

23,-30,0.15,0.03,0.14,0.68,

22,-30,0.17,0.03,0.15,0.65,

21,-30,0.18,0.03,0.15,0.64,

20,-30,0.20,0.03,0.17,0.61,

19,-30,0.21,0.03,0.18,0.59,

18,-30,0.19,0.03,0.18,0.60,

17,-30,0.19,0.03,0.18,0.60,

16,-30,0.21,0.03,0.18,0.59,

15,-30,0.20,0.03,0.19,0.59,

14,-30,0.20,0.03,0.19,0.58,

13,-30,0.21,0.03,0.19,0.57,

12,-30,0.21,0.03,0.21,0.56,

11,-30,0.20,0.03,0.22,0.56,

10,-30,0.20,0.03,0.22,0.56,

9,-30,0.19,0.03,0.23,0.55,

8,-30,0.19,0.02,0.25,0.54,

7,-30,0.19,0.03,0.25,0.54,

6,-30,0.18,0.01,0.27,0.54,

5,-30,0.18,0.01,0.27,0.54,

4,-30,0.17,0.01,0.28,0.54,

3,-30,0.17,0.01,0.28,0.53,

2,-30,0.16,0.01,0.30,0.53,

1,-30,0.16,0.01,0.30,0.52,

0,-30,0.16,0.01,0.31,0.52,

-1,-30,0.15,0.01,0.32,0.52,

-2,-30,0.15,0.01,0.32,0.52,

-3,-30,0.14,0.01,0.34,0.51,

-4,-30,0.14,0.01,0.35,0.51,

-5,-30,0.13,0.01,0.35,0.51,

-6,-30,0.09,0.01,0.37,0.53,

-7,-30,0.12,0.08,0.34,0.47,

-8,-30,0.11,0.01,0.37,0.51,

-9,-30,0.11,0.01,0.38,0.49,

-10,-30,0.10,0.01,0.38,0.50,

-11,-30,0.10,0.01,0.40,0.48,

-12,-30,0.09,0.00,0.41,0.49,

-13,-30,0.09,0.01,0.41,0.49,

-14,-30,0.08,0.03,0.41,0.48,

-15,-30,0.07,0.01,0.43,0.49,

-16,-30,0.07,0.01,0.44,0.47,

-17,-30,0.06,0.00,0.45,0.48,

-18,-30,0.04,0.00,0.49,0.47,

-19,-30,0.05,0.13,0.45,0.37,

-20,-30,0.00,0.00,0.59,0.41,

-21,-30,0.00,0.00,0.63,0.38,

-22,-30,0.00,0.00,1.00,0.00,

-23,-30, NAN, NAN, NAN, NAN,

-24,-30, NAN, NAN, NAN, NAN,

-25,-30, NAN, NAN, NAN, NAN,

-26,-30, NAN, NAN, NAN, NAN,

-27,-30, NAN, NAN, NAN, NAN,

-28,-30, NAN, NAN, NAN, NAN,

-29,-30, NAN, NAN, NAN, NAN,

-30,-30, NAN, NAN, NAN, NAN,

-30,-29, NAN, NAN, NAN, NAN,

-29,-29, NAN, NAN, NAN, NAN,

-28,-29, NAN, NAN, NAN, NAN,

-27,-29, NAN, NAN, NAN, NAN,

-26,-29, NAN, NAN, NAN, NAN,

-25,-29, NAN, NAN, NAN, NAN,

-24,-29, NAN, NAN, NAN, NAN,

-23,-29,0.00,0.00,1.00,0.00,

-22,-29,0.00,0.00,0.80,0.20,

-21,-29,0.00,0.00,0.69,0.31,

-20,-29,0.00,0.00,0.60,0.40,

-19,-29,0.00,0.00,0.56,0.44,

-18,-29,0.00,0.00,0.51,0.49,

-17,-29,0.03,0.02,0.47,0.48,

-16,-29,0.04,0.01,0.46,0.49,

-15,-29,0.05,0.01,0.44,0.49,

-14,-29,0.08,0.01,0.42,0.49,

-13,-29,0.08,0.01,0.42,0.49,

-12,-29,0.08,0.01,0.42,0.49,

-11,-29,0.09,0.01,0.41,0.49,

-10,-29,0.09,0.01,0.40,0.50,

-9,-29,0.10,0.03,0.39,0.49,

-8,-29,0.10,0.01,0.39,0.50,

-7,-29,0.11,0.01,0.38,0.50,

-6,-29,0.12,0.01,0.37,0.50,

-5,-29,0.13,0.01,0.35,0.51,

-4,-29,0.12,0.01,0.36,0.51,

-3,-29,0.13,0.01,0.34,0.51,

-2,-29,0.13,0.01,0.34,0.51,

-1,-29,0.15,0.01,0.33,0.51,

0,-29,0.16,0.01,0.31,0.52,

1,-29,0.16,0.01,0.30,0.52,

2,-29,0.16,0.01,0.30,0.52,

3,-29,0.17,0.02,0.29,0.52,

4,-29,0.17,0.01,0.28,0.53,

5,-29,0.17,0.01,0.28,0.54,

6,-29,0.18,0.02,0.27,0.52,

7,-29,0.18,0.02,0.26,0.54,

8,-29,0.19,0.02,0.25,0.54,

9,-29,0.20,0.02,0.23,0.54,

10,-29,0.20,0.03,0.22,0.55,

11,-29,0.20,0.03,0.22,0.55,

12,-29,0.22,0.02,0.22,0.54,

13,-29,0.20,0.04,0.20,0.56,

14,-29,0.21,0.04,0.19,0.56,

15,-29,0.21,0.04,0.19,0.56,

16,-29,0.21,0.04,0.18,0.57,

17,-29,0.21,0.04,0.18,0.57,

18,-29,0.20,0.06,0.18,0.56,

19,-29,0.20,0.04,0.18,0.58,

20,-29,0.21,0.03,0.17,0.60,

21,-29,0.19,0.04,0.17,0.60,

22,-29,0.20,0.03,0.16,0.61,

23,-29,0.21,0.03,0.15,0.62,

24,-29,0.20,0.03,0.14,0.63,

25,-29,0.20,0.00,0.12,0.68,

26,-29,0.13,0.02,0.08,0.77,

27,-29,0.20,0.00,0.02,0.78,

28,-29,0.15,0.00,0.00,0.85,

29,-29,0.12,0.00,0.00,0.88,

29,-28,0.10,0.00,0.00,0.90,

28,-28,0.06,0.03,0.03,0.89,

27,-28,0.11,0.02,0.09,0.79,

26,-28,0.13,0.04,0.13,0.71,

25,-28,0.17,0.03,0.16,0.64,

24,-28,0.18,0.03,0.16,0.63,

23,-28,0.19,0.03,0.17,0.61,

22,-28,0.19,0.04,0.17,0.60,

21,-28,0.21,0.04,0.16,0.59,

20,-28,0.20,0.04,0.18,0.58,

19,-28,0.20,0.04,0.18,0.58,

18,-28,0.21,0.05,0.18,0.56,

17,-28,0.20,0.05,0.19,0.56,

16,-28,0.21,0.05,0.20,0.54,

15,-28,0.20,0.05,0.19,0.55,

14,-28,0.21,0.04,0.21,0.54,

13,-28,0.20,0.04,0.22,0.54,

12,-28,0.20,0.04,0.22,0.54,

11,-28,0.20,0.04,0.23,0.54,

10,-28,0.20,0.04,0.24,0.52,

9,-28,0.20,0.02,0.25,0.52,

8,-28,0.18,0.11,0.24,0.47,

7,-28,0.19,0.02,0.26,0.52,

6,-28,0.19,0.02,0.27,0.52,

5,-28,0.19,0.02,0.28,0.51,

4,-28,0.18,0.02,0.29,0.51,

3,-28,0.17,0.02,0.29,0.51,

2,-28,0.17,0.02,0.30,0.50,

1,-28,0.17,0.02,0.31,0.49,

0,-28,0.16,0.02,0.32,0.49,

-1,-28,0.16,0.01,0.33,0.50,

-2,-28,0.15,0.02,0.33,0.49,

-3,-28,0.15,0.02,0.34,0.48,

-4,-28,0.14,0.01,0.35,0.49,

-5,-28,0.14,0.02,0.36,0.48,

-6,-28,0.14,0.02,0.36,0.48,

-7,-28,0.13,0.02,0.37,0.48,

-8,-28,0.12,0.02,0.38,0.48,

-9,-28,0.13,0.03,0.40,0.45,

-10,-28,0.12,0.02,0.39,0.47,

-11,-28,0.11,0.02,0.40,0.47,

-12,-28,0.10,0.02,0.40,0.48,

-13,-28,0.10,0.02,0.41,0.46,

-14,-28,0.08,0.08,0.40,0.44,

-15,-28,0.08,0.03,0.43,0.47,

-16,-28,0.08,0.00,0.45,0.47,

-17,-28,0.07,0.03,0.45,0.46,

-18,-28,0.07,0.03,0.45,0.45,

-19,-28,0.06,0.00,0.48,0.45,

-20,-28,0.04,0.00,0.53,0.43,

-21,-28,0.03,0.00,0.59,0.38,

-22,-28,0.00,0.00,0.71,0.29,

-23,-28,0.00,0.00,0.83,0.17,

-24,-28,0.00,0.00,1.00,0.00,

-25,-28, NAN, NAN, NAN, NAN,

-26,-28, NAN, NAN, NAN, NAN,

-27,-28, NAN, NAN, NAN, NAN,

-28,-28,0.00,1.00,0.00,0.00,

-29,-28, NAN, NAN, NAN, NAN,

-30,-28, NAN, NAN, NAN, NAN,

-30,-27, NAN, NAN, NAN, NAN,

-29,-27, NAN, NAN, NAN, NAN,

-28,-27, NAN, NAN, NAN, NAN,

-27,-27, NAN, NAN, NAN, NAN,

-26,-27,0.00,0.00,0.00,1.00,

-25,-27,0.00,0.00,1.00,0.00,

-24,-27,0.00,0.00,0.83,0.17,

-23,-27,0.00,0.00,0.72,0.28,

-22,-27,0.00,0.00,0.66,0.34,

-21,-27,0.00,0.00,0.55,0.45,

-20,-27,0.03,0.02,0.51,0.44,

-19,-27,0.03,0.04,0.48,0.45,

-18,-27,0.05,0.04,0.46,0.45,

-17,-27,0.06,0.04,0.45,0.45,

-16,-27,0.06,0.04,0.44,0.46,

-15,-27,0.07,0.04,0.43,0.46,

-14,-27,0.08,0.05,0.42,0.45,

-13,-27,0.07,0.04,0.41,0.48,

-12,-27,0.09,0.03,0.41,0.47,

-11,-27,0.09,0.03,0.41,0.47,

-10,-27,0.10,0.03,0.40,0.47,

-9,-27,0.10,0.03,0.39,0.47,

-8,-27,0.11,0.03,0.38,0.47,

-7,-27,0.13,0.01,0.38,0.48,

-6,-27,0.13,0.02,0.37,0.48,

-5,-27,0.13,0.02,0.36,0.48,

-4,-27,0.13,0.02,0.36,0.48,

-3,-27,0.14,0.02,0.35,0.49,

-2,-27,0.15,0.02,0.34,0.49,

-1,-27,0.15,0.02,0.34,0.49,

0,-27,0.16,0.02,0.33,0.49,

1,-27,0.17,0.02,0.32,0.49,

2,-27,0.17,0.02,0.31,0.49,

3,-27,0.18,0.02,0.30,0.49,

4,-27,0.18,0.02,0.30,0.50,

5,-27,0.18,0.02,0.29,0.51,

6,-27,0.19,0.02,0.28,0.51,

7,-27,0.19,0.02,0.27,0.51,

8,-27,0.20,0.02,0.26,0.52,

9,-27,0.21,0.02,0.25,0.52,

10,-27,0.21,0.03,0.24,0.52,

11,-27,0.21,0.03,0.24,0.52,

12,-27,0.21,0.03,0.23,0.52,

13,-27,0.21,0.05,0.21,0.53,

14,-27,0.21,0.05,0.21,0.53,

15,-27,0.21,0.06,0.20,0.53,

16,-27,0.21,0.06,0.21,0.52,

17,-27,0.21,0.07,0.19,0.53,

18,-27,0.20,0.06,0.19,0.54,

19,-27,0.21,0.06,0.19,0.54,

20,-27,0.21,0.05,0.19,0.55,

21,-27,0.21,0.05,0.18,0.56,

22,-27,0.21,0.05,0.17,0.57,

23,-27,0.20,0.04,0.18,0.58,

24,-27,0.21,0.03,0.17,0.60,

25,-27,0.19,0.04,0.17,0.60,

26,-27,0.21,0.03,0.15,0.62,

27,-27,0.21,0.03,0.13,0.63,

28,-27,0.19,0.02,0.11,0.68,

29,-27,0.19,0.02,0.06,0.72,

29,-26,0.16,0.04,0.11,0.70,

28,-26,0.16,0.03,0.13,0.67,

27,-26,0.16,0.04,0.16,0.63,

26,-26,0.18,0.04,0.17,0.61,

25,-26,0.19,0.04,0.18,0.59,

24,-26,0.21,0.00,0.18,0.61,

23,-26,0.21,0.00,0.19,0.60,

22,-26,0.20,0.06,0.19,0.55,

21,-26,0.21,0.06,0.19,0.54,

20,-26,0.20,0.07,0.19,0.53,

19,-26,0.20,0.08,0.19,0.53,

18,-26,0.22,0.00,0.21,0.56,

17,-26,0.21,0.07,0.20,0.52,

16,-26,0.22,0.07,0.20,0.51,

15,-26,0.21,0.07,0.20,0.52,

14,-26,0.21,0.06,0.21,0.52,

13,-26,0.22,0.05,0.23,0.51,

12,-26,0.21,0.04,0.23,0.51,

11,-26,0.21,0.04,0.24,0.50,

10,-26,0.21,0.03,0.25,0.51,

9,-26,0.21,0.03,0.26,0.50,

8,-26,0.21,0.03,0.27,0.49,

7,-26,0.00,0.04,0.34,0.62,

6,-26,0.20,0.03,0.28,0.49,

5,-26,0.20,0.02,0.29,0.48,

4,-26,0.19,0.02,0.30,0.48,

3,-26,0.19,0.02,0.31,0.48,

2,-26,0.19,0.00,0.32,0.49,

1,-26,0.18,0.03,0.32,0.47,

0,-26,0.17,0.03,0.33,0.47,

-1,-26,0.17,0.04,0.33,0.46,

-2,-26,0.15,0.03,0.34,0.47,

-3,-26,0.16,0.03,0.34,0.47,

-4,-26,0.15,0.03,0.35,0.46,

-5,-26,0.14,0.03,0.36,0.47,

-6,-26,0.14,0.04,0.36,0.46,

-7,-26,0.12,0.04,0.36,0.48,

-8,-26,0.13,0.02,0.38,0.46,

-9,-26,0.13,0.05,0.37,0.45,

-10,-26,0.13,0.00,0.41,0.47,

-11,-26,0.11,0.04,0.40,0.45,

-12,-26,0.11,0.04,0.40,0.44,

-13,-26,0.10,0.06,0.40,0.44,

-14,-26,0.10,0.05,0.41,0.44,

-15,-26,0.09,0.05,0.42,0.44,

-16,-26,0.09,0.06,0.42,0.43,

-17,-26,0.09,0.00,0.46,0.46,

-18,-26,0.07,0.05,0.45,0.43,

-19,-26,0.07,0.05,0.45,0.43,

-20,-26,0.06,0.04,0.48,0.42,

-21,-26,0.06,0.03,0.49,0.42,

-22,-26,0.03,0.02,0.55,0.40,

-23,-26,0.03,0.00,0.65,0.32,

-24,-26,0.00,0.00,0.76,0.24,

-25,-26,0.00,0.00,0.78,0.22,

-26,-26,0.00,0.00,1.00,0.00,

-27,-26, NAN, NAN, NAN, NAN,

-28,-26, NAN, NAN, NAN, NAN,

-29,-26, NAN, NAN, NAN, NAN,

-30,-26, NAN, NAN, NAN, NAN,

-30,-25, NAN, NAN, NAN, NAN,

-29,-25, NAN, NAN, NAN, NAN,

-28,-25, NAN, NAN, NAN, NAN,

-27,-25,0.00,0.00,1.00,0.00,

-26,-25,0.00,0.00,0.88,0.13,

-25,-25,0.00,0.00,0.83,0.17,

-24,-25,0.00,0.00,0.71,0.29,

-23,-25,0.00,0.02,0.57,0.41,

-22,-25,0.01,0.04,0.51,0.43,

-21,-25,0.03,0.05,0.49,0.43,

-20,-25,0.05,0.06,0.47,0.42,

-19,-25,0.05,0.06,0.46,0.43,

-18,-25,0.06,0.07,0.44,0.43,

-17,-25,0.07,0.07,0.44,0.43,

-16,-25,0.07,0.06,0.43,0.44,

-15,-25,0.08,0.06,0.43,0.44,

-14,-25,0.09,0.06,0.41,0.44,

-13,-25,0.09,0.06,0.41,0.44,

-12,-25,0.10,0.05,0.40,0.45,

-11,-25,0.12,0.05,0.39,0.44,

-10,-25,0.11,0.05,0.40,0.44,

-9,-25,0.12,0.05,0.38,0.45,

-8,-25,0.13,0.04,0.37,0.46,

-7,-25,0.14,0.04,0.37,0.45,

-6,-25,0.14,0.04,0.37,0.45,

-5,-25,0.14,0.06,0.35,0.45,

-4,-25,0.15,0.03,0.36,0.46,

-3,-25,0.15,0.04,0.35,0.46,

-2,-25,0.15,0.05,0.34,0.45,

-1,-25,0.16,0.03,0.34,0.47,

0,-25,0.17,0.03,0.33,0.47,

1,-25,0.17,0.03,0.33,0.47,

2,-25,0.18,0.03,0.32,0.47,

3,-25,0.17,0.03,0.32,0.48,

4,-25,0.19,0.03,0.30,0.48,

5,-25,0.19,0.03,0.29,0.48,

6,-25,0.19,0.03,0.29,0.49,

7,-25,0.20,0.03,0.28,0.49,

8,-25,0.20,0.03,0.27,0.49,

9,-25,0.22,0.03,0.26,0.49,

10,-25,0.22,0.03,0.25,0.50,

11,-25,0.22,0.03,0.25,0.50,

12,-25,0.22,0.04,0.24,0.50,

13,-25,0.22,0.05,0.23,0.50,

14,-25,0.22,0.05,0.22,0.51,

15,-25,0.22,0.07,0.22,0.50,

16,-25,0.22,0.08,0.21,0.50,

17,-25,0.22,0.08,0.21,0.50,

18,-25,0.22,0.09,0.20,0.49,

19,-25,0.21,0.09,0.20,0.50,

20,-25,0.26,0.11,0.00,0.63,

21,-25,0.21,0.08,0.20,0.52,

22,-25,0.21,0.07,0.19,0.52,

23,-25,0.21,0.07,0.18,0.54,

24,-25,0.21,0.06,0.19,0.54,

25,-25,0.21,0.05,0.18,0.56,

26,-25,0.21,0.05,0.17,0.57,

27,-25,0.20,0.05,0.16,0.58,

28,-25,0.21,0.04,0.15,0.60,

29,-25,0.21,0.03,0.15,0.62,

29,-24,0.20,0.04,0.16,0.60,

28,-24,0.19,0.04,0.17,0.60,

27,-24,0.21,0.05,0.17,0.57,

26,-24,0.19,0.06,0.18,0.56,

25,-24,0.19,0.06,0.19,0.56,

24,-24,0.20,0.07,0.19,0.54,

23,-24,0.49,0.05,0.12,0.34,

22,-24,0.20,0.09,0.20,0.52,

21,-24,0.20,0.11,0.19,0.50,

20,-24,0.21,0.10,0.20,0.49,

19,-24,0.21,0.10,0.21,0.49,

18,-24,0.21,0.10,0.20,0.49,

17,-24,0.22,0.08,0.21,0.48,

16,-24,0.22,0.07,0.21,0.49,

15,-24,0.23,0.06,0.22,0.49,

14,-24,0.23,0.05,0.23,0.49,

13,-24,0.22,0.04,0.23,0.51,

12,-24,0.23,0.04,0.24,0.49,

11,-24,0.22,0.03,0.26,0.49,

10,-24,0.22,0.03,0.26,0.49,

9,-24,0.22,0.03,0.26,0.48,

8,-24,0.09,0.07,0.30,0.53,

7,-24,0.21,0.01,0.29,0.49,

6,-24,0.21,0.03,0.29,0.47,

5,-24,0.21,0.03,0.29,0.47,

4,-24,0.20,0.03,0.30,0.47,

3,-24,0.19,0.03,0.31,0.47,

2,-24,0.19,0.03,0.32,0.46,

1,-24,0.19,0.03,0.31,0.47,

0,-24,0.18,0.03,0.33,0.46,

-1,-24,0.17,0.04,0.33,0.45,

-2,-24,0.16,0.04,0.35,0.45,

-3,-24,0.16,0.04,0.35,0.45,

-4,-24,0.15,0.04,0.36,0.45,

-5,-24,0.15,0.05,0.35,0.44,

-6,-24,0.14,0.05,0.36,0.44,

-7,-24,0.14,0.05,0.37,0.44,

-8,-24,0.14,0.05,0.37,0.43,

-9,-24,0.13,0.05,0.37,0.44,

-10,-24,0.12,0.06,0.38,0.43,

-11,-24,0.11,0.06,0.39,0.43,

-12,-24,0.11,0.06,0.40,0.43,

-13,-24,0.11,0.06,0.40,0.43,

-14,-24,0.11,0.00,0.44,0.45,

-15,-24,0.10,0.06,0.41,0.43,

-16,-24,0.11,0.08,0.36,0.44,

-17,-24,0.09,0.08,0.42,0.41,

-18,-24,0.09,0.08,0.43,0.41,

-19,-24,0.07,0.08,0.44,0.42,

-20,-24,0.07,0.08,0.44,0.41,

-21,-24,0.06,0.07,0.46,0.40,

-22,-24,0.06,0.08,0.46,0.40,

-23,-24,0.05,0.03,0.54,0.38,

-24,-24,0.04,0.02,0.60,0.34,

-25,-24,0.00,0.00,0.77,0.23,

-26,-24,0.00,0.00,0.86,0.14,

-27,-24,0.00,0.00,1.00,0.00,

-28,-24, NAN, NAN, NAN, NAN,

-29,-24, NAN, NAN, NAN, NAN,

-30,-24, NAN, NAN, NAN, NAN,

-30,-23, NAN, NAN, NAN, NAN,

-29,-23, NAN, NAN, NAN, NAN,

-28,-23,0.00,0.00,1.00,0.00,

-27,-23,0.00,0.00,0.91,0.09,

-26,-23,0.00,0.00,0.81,0.19,

-25,-23,0.00,0.00,0.71,0.29,

-24,-23,0.00,0.05,0.57,0.38,

-23,-23,0.01,0.07,0.51,0.41,

-22,-23,0.04,0.07,0.48,0.41,

-21,-23,0.05,0.08,0.47,0.41,

-20,-23,0.06,0.10,0.44,0.40,

-19,-23,0.06,0.08,0.45,0.42,

-18,-23,0.07,0.08,0.44,0.42,

-17,-23,0.08,0.08,0.43,0.42,

-16,-23,0.08,0.08,0.42,0.42,

-15,-23,0.08,0.07,0.42,0.42,

-14,-23,0.09,0.07,0.41,0.43,

-13,-23,0.09,0.07,0.41,0.43,

-12,-23,0.10,0.06,0.40,0.44,

-11,-23,0.11,0.06,0.39,0.43,

-10,-23,0.12,0.06,0.39,0.43,

-9,-23,0.12,0.06,0.38,0.43,

-8,-23,0.12,0.06,0.38,0.44,

-7,-23,0.13,0.06,0.37,0.44,

-6,-23,0.14,0.05,0.36,0.44,

-5,-23,0.14,0.05,0.36,0.44,

-4,-23,0.15,0.05,0.35,0.44,

-3,-23,0.15,0.05,0.35,0.44,

-2,-23,0.16,0.04,0.34,0.45,

-1,-23,0.16,0.04,0.34,0.45,

0,-23,0.17,0.04,0.33,0.46,

1,-23,0.17,0.04,0.33,0.46,

2,-23,0.18,0.04,0.32,0.45,

3,-23,0.18,0.04,0.32,0.46,

4,-23,0.19,0.03,0.31,0.47,

5,-23,0.19,0.03,0.31,0.47,

6,-23,0.20,0.03,0.30,0.47,

7,-23,0.21,0.03,0.28,0.48,

8,-23,0.21,0.03,0.28,0.48,

9,-23,0.22,0.03,0.27,0.48,

10,-23,0.22,0.03,0.26,0.48,

11,-23,0.22,0.03,0.25,0.49,

12,-23,0.22,0.04,0.24,0.49,

13,-23,0.23,0.04,0.23,0.49,

14,-23,0.23,0.05,0.23,0.49,

15,-23,0.23,0.06,0.22,0.49,

16,-23,0.23,0.07,0.22,0.48,

17,-23,0.23,0.07,0.22,0.48,

18,-23,0.22,0.09,0.21,0.48,

19,-23,0.22,0.09,0.21,0.48,

20,-23,0.21,0.11,0.20,0.48,

21,-23,0.22,0.11,0.19,0.48,

22,-23,0.22,0.10,0.20,0.49,

23,-23,0.21,0.10,0.19,0.50,

24,-23,0.22,0.09,0.18,0.51,

25,-23,0.22,0.07,0.18,0.53,

26,-23,0.21,0.07,0.18,0.54,

27,-23,0.22,0.05,0.18,0.56,

28,-23,0.21,0.05,0.17,0.57,

29,-23,0.20,0.04,0.18,0.58,

29,-22,0.20,0.05,0.17,0.58,

28,-22,0.17,0.07,0.18,0.58,

27,-22,0.20,0.06,0.19,0.55,

26,-22,0.20,0.07,0.20,0.54,

25,-22,0.20,0.09,0.19,0.52,

24,-22,0.20,0.09,0.19,0.51,

23,-22,0.20,0.10,0.20,0.50,

22,-22,0.21,0.10,0.21,0.49,

21,-22,0.21,0.11,0.20,0.48,

20,-22,0.21,0.10,0.21,0.48,

19,-22,0.22,0.10,0.21,0.47,

18,-22,0.22,0.08,0.22,0.48,

17,-22,0.22,0.08,0.21,0.49,

16,-22,0.23,0.06,0.22,0.48,

15,-22,0.23,0.05,0.23,0.49,

14,-22,0.05,0.06,0.28,0.60,

13,-22,0.24,0.04,0.24,0.48,

12,-22,0.23,0.04,0.24,0.48,

11,-22,0.23,0.04,0.25,0.47,

10,-22,0.22,0.03,0.27,0.48,

9,-22,0.23,0.03,0.27,0.47,

8,-22,0.22,0.03,0.28,0.47,

7,-22,0.21,0.03,0.29,0.46,

6,-22,0.21,0.03,0.29,0.46,

5,-22,0.19,0.13,0.27,0.41,

4,-22,0.20,0.04,0.31,0.46,

3,-22,0.20,0.04,0.31,0.45,

2,-22,0.20,0.04,0.31,0.45,

1,-22,0.19,0.04,0.32,0.45,

0,-22,0.19,0.04,0.33,0.45,

-1,-22,0.18,0.04,0.34,0.44,

-2,-22,0.16,0.07,0.34,0.43,

-3,-22,0.13,0.24,0.28,0.35,

-4,-22,0.16,0.05,0.35,0.44,

-5,-22,0.16,0.06,0.36,0.43,

-6,-22,0.16,0.06,0.36,0.43,

-7,-22,0.14,0.07,0.37,0.42,

-8,-22,0.15,0.06,0.37,0.43,

-9,-22,0.14,0.07,0.37,0.42,

-10,-22,0.13,0.12,0.36,0.39,

-11,-22,0.13,0.08,0.38,0.42,

-12,-22,0.12,0.07,0.40,0.42,

-13,-22,0.14,0.07,0.38,0.40,

-14,-22,0.11,0.08,0.40,0.41,

-15,-22,0.10,0.08,0.40,0.41,

-16,-22,0.10,0.08,0.41,0.41,

-17,-22,0.08,0.09,0.42,0.40,

-18,-22,0.08,0.09,0.42,0.40,

-19,-22,0.07,0.09,0.43,0.40,

-20,-22,0.07,0.10,0.44,0.39,

-21,-22,0.07,0.09,0.45,0.40,

-22,-22,0.07,0.09,0.46,0.39,

-23,-22,0.06,0.08,0.47,0.39,

-24,-22,0.05,0.08,0.49,0.39,

-25,-22,0.05,0.05,0.55,0.35,

-26,-22,0.02,0.00,0.70,0.28,

-27,-22,0.00,0.00,0.92,0.08,

-28,-22,0.00,0.00,0.89,0.11,

-29,-22,0.00,0.00,1.00,0.00,

-30,-22, NAN, NAN, NAN, NAN,

-30,-21, NAN, NAN, NAN, NAN,

-29,-21,0.00,0.00,1.00,0.00,

-28,-21,0.00,0.00,1.00,0.00,

-27,-21,0.00,0.00,0.78,0.22,

-26,-21,0.00,0.04,0.61,0.35,

-25,-21,0.01,0.07,0.54,0.38,

-24,-21,0.03,0.09,0.50,0.39,

-23,-21,0.03,0.12,0.46,0.39,

-22,-21,0.04,0.10,0.48,0.38,

-21,-21,0.05,0.10,0.45,0.40,

-20,-21,0.06,0.10,0.45,0.39,

-19,-21,0.06,0.10,0.44,0.40,

-18,-21,0.07,0.09,0.43,0.41,

-17,-21,0.07,0.09,0.42,0.41,

-16,-21,0.09,0.09,0.41,0.40,

-15,-21,0.09,0.09,0.41,0.41,

-14,-21,0.10,0.09,0.40,0.41,

-13,-21,0.10,0.08,0.40,0.42,

-12,-21,0.11,0.08,0.39,0.42,

-11,-21,0.12,0.08,0.39,0.42,

-10,-21,0.12,0.07,0.39,0.43,

-9,-21,0.13,0.07,0.38,0.42,

-8,-21,0.14,0.07,0.37,0.43,

-7,-21,0.15,0.06,0.37,0.43,

-6,-21,0.15,0.06,0.36,0.43,

-5,-21,0.15,0.06,0.36,0.43,

-4,-21,0.15,0.06,0.36,0.43,

-3,-21,0.16,0.06,0.35,0.44,

-2,-21,0.17,0.05,0.34,0.44,

-1,-21,0.17,0.05,0.34,0.45,

0,-21,0.17,0.05,0.33,0.45,

1,-21,0.18,0.04,0.33,0.46,

2,-21,0.19,0.04,0.32,0.45,

3,-21,0.19,0.04,0.32,0.46,

4,-21,0.20,0.04,0.31,0.46,

5,-21,0.20,0.04,0.30,0.47,

6,-21,0.21,0.04,0.29,0.46,

7,-21,0.21,0.03,0.29,0.47,

8,-21,0.21,0.03,0.28,0.47,

9,-21,0.22,0.03,0.27,0.47,

10,-21,0.22,0.03,0.27,0.48,

11,-21,0.23,0.03,0.26,0.48,

12,-21,0.23,0.04,0.24,0.48,

13,-21,0.24,0.04,0.24,0.48,

14,-21,0.24,0.04,0.24,0.48,

15,-21,0.24,0.05,0.23,0.48,

16,-21,0.24,0.05,0.23,0.48,

17,-21,0.23,0.06,0.22,0.48,

18,-21,0.23,0.07,0.22,0.47,

19,-21,0.23,0.08,0.21,0.47,

20,-21,0.22,0.12,0.20,0.46,

21,-21,0.23,0.10,0.20,0.46,

22,-21,0.21,0.13,0.20,0.46,

23,-21,0.22,0.11,0.19,0.48,

24,-21,0.22,0.10,0.20,0.49,

25,-21,0.21,0.09,0.19,0.51,

26,-21,0.20,0.08,0.20,0.51,

27,-21,0.22,0.07,0.18,0.53,

28,-21,0.18,0.06,0.18,0.57,

29,-21,0.21,0.05,0.17,0.57,

29,-20,0.21,0.05,0.18,0.56,

28,-20,0.20,0.07,0.19,0.54,

27,-20,0.20,0.07,0.19,0.53,

26,-20,0.20,0.09,0.20,0.52,

25,-20,0.21,0.07,0.21,0.52,

24,-20,0.21,0.11,0.20,0.49,

23,-20,0.20,0.11,0.20,0.49,

22,-20,0.21,0.11,0.21,0.47,

21,-20,0.27,0.13,0.00,0.60,

20,-20,0.22,0.09,0.22,0.47,

19,-20,0.23,0.08,0.22,0.47,

18,-20,0.23,0.06,0.23,0.48,

17,-20,0.24,0.05,0.23,0.48,

16,-20,0.23,0.05,0.23,0.48,

15,-20,0.23,0.05,0.23,0.48,

14,-20,0.24,0.04,0.24,0.48,

13,-20,0.24,0.04,0.25,0.47,

12,-20,0.23,0.04,0.25,0.47,

11,-20,0.23,0.04,0.26,0.47,

10,-20,0.23,0.04,0.27,0.47,

9,-20,0.23,0.04,0.27,0.46,

8,-20,0.21,0.12,0.26,0.42,

7,-20,0.22,0.03,0.29,0.46,

6,-20,0.21,0.04,0.29,0.46,

5,-20,0.21,0.04,0.30,0.45,

4,-20,0.20,0.04,0.31,0.45,

3,-20,0.20,0.04,0.32,0.44,

2,-20,0.20,0.05,0.32,0.43,

1,-20,0.19,0.05,0.32,0.44,

0,-20,0.18,0.05,0.33,0.44,

-1,-20,0.18,0.05,0.33,0.44,

-2,-20,0.18,0.06,0.34,0.42,

-3,-20,0.17,0.07,0.34,0.42,

-4,-20,0.16,0.07,0.35,0.42,

-5,-20,0.16,0.07,0.36,0.42,

-6,-20,0.15,0.07,0.36,0.42,

-7,-20,0.15,0.07,0.36,0.41,

-8,-20,0.14,0.07,0.37,0.42,

-9,-20,0.14,0.07,0.37,0.42,

-10,-20,0.13,0.08,0.38,0.41,

-11,-20,0.12,0.09,0.38,0.41,

-12,-20,0.11,0.09,0.39,0.41,

-13,-20,0.12,0.09,0.39,0.41,

-14,-20,0.11,0.10,0.39,0.40,

-15,-20,0.11,0.10,0.40,0.40,

-16,-20,0.11,0.09,0.41,0.40,

-17,-20,0.00,0.11,0.46,0.43,

-18,-20,0.09,0.10,0.42,0.39,

-19,-20,0.08,0.10,0.42,0.39,

-20,-20,0.07,0.10,0.43,0.39,

-21,-20,0.07,0.10,0.44,0.39,

-22,-20,0.06,0.11,0.45,0.38,

-23,-20,0.05,0.12,0.46,0.37,

-24,-20,0.05,0.10,0.48,0.38,

-25,-20,0.05,0.10,0.49,0.37,

-26,-20,0.04,0.08,0.52,0.36,

-27,-20,0.04,0.04,0.61,0.32,

-28,-20,0.00,0.00,0.81,0.19,

-29,-20,0.00,0.00,0.91,0.09,

-30,-20,0.00,0.00,1.00,0.00,

-30,-19,0.00,0.00,0.88,0.13,

-29,-19,0.00,0.00,0.83,0.17,

-28,-19,0.00,0.04,0.64,0.32,

-27,-19,0.00,0.06,0.57,0.37,

-26,-19,0.02,0.12,0.48,0.38,

-25,-19,0.03,0.10,0.49,0.37,

-24,-19,0.04,0.12,0.46,0.37,

-23,-19,0.04,0.12,0.46,0.38,

-22,-19,0.05,0.12,0.45,0.38,

-21,-19,0.06,0.11,0.44,0.39,

-20,-19,0.06,0.11,0.44,0.39,

-19,-19,0.07,0.11,0.42,0.39,

-18,-19,0.07,0.11,0.42,0.40,

-17,-19,0.09,0.11,0.41,0.39,

-16,-19,0.09,0.11,0.41,0.40,

-15,-19,0.10,0.11,0.39,0.40,

-14,-19,0.10,0.10,0.40,0.40,

-13,-19,0.11,0.10,0.39,0.40,

-12,-19,0.12,0.08,0.39,0.41,

-11,-19,0.12,0.08,0.39,0.41,

-10,-19,0.12,0.08,0.39,0.41,

-9,-19,0.12,0.08,0.38,0.42,

-8,-19,0.13,0.08,0.37,0.42,

-7,-19,0.14,0.08,0.36,0.42,

-6,-19,0.13,0.07,0.38,0.43,

-5,-19,0.15,0.07,0.36,0.42,

-4,-19,0.16,0.07,0.36,0.42,

-3,-19,0.16,0.07,0.35,0.42,

-2,-19,0.16,0.06,0.34,0.44,

-1,-19,0.18,0.06,0.34,0.43,

0,-19,0.18,0.06,0.33,0.43,

1,-19,0.18,0.05,0.33,0.44,

2,-19,0.19,0.05,0.32,0.44,

3,-19,0.19,0.05,0.32,0.44,

4,-19,0.20,0.05,0.31,0.44,

5,-19,0.20,0.04,0.30,0.46,

6,-19,0.21,0.04,0.30,0.45,

7,-19,0.21,0.04,0.29,0.46,

8,-19,0.22,0.04,0.28,0.46,

9,-19,0.23,0.04,0.27,0.46,

10,-19,0.23,0.04,0.27,0.47,

11,-19,0.24,0.03,0.27,0.47,

12,-19,0.24,0.04,0.26,0.47,

13,-19,0.24,0.04,0.25,0.47,

14,-19,0.29,0.05,0.29,0.38,

15,-19,0.24,0.04,0.23,0.48,

16,-19,0.24,0.04,0.23,0.48,

17,-19,0.24,0.05,0.23,0.47,

18,-19,0.24,0.05,0.22,0.48,

19,-19,0.23,0.06,0.22,0.48,

20,-19,0.23,0.07,0.21,0.48,

21,-19,0.23,0.08,0.21,0.47,

22,-19,0.22,0.09,0.21,0.47,

23,-19,0.22,0.10,0.21,0.46,

24,-19,0.21,0.11,0.20,0.47,

25,-19,0.20,0.11,0.20,0.49,

26,-19,0.21,0.10,0.20,0.49,

27,-19,0.21,0.09,0.19,0.51,

28,-19,0.21,0.08,0.19,0.52,

29,-19,0.22,0.06,0.18,0.54,

29,-18,0.20,0.07,0.19,0.53,

28,-18,0.22,0.05,0.19,0.54,

27,-18,0.20,0.09,0.20,0.51,

26,-18,0.20,0.10,0.20,0.50,

25,-18,0.21,0.11,0.20,0.48,

24,-18,0.21,0.10,0.21,0.48,

23,-18,0.22,0.09,0.21,0.48,

22,-18,0.22,0.09,0.22,0.47,

21,-18,0.23,0.07,0.22,0.48,

20,-18,0.23,0.06,0.22,0.48,

19,-18,0.23,0.06,0.22,0.48,

18,-18,0.19,0.25,0.19,0.38,

17,-18,0.24,0.05,0.23,0.47,

16,-18,0.24,0.04,0.24,0.47,

15,-18,0.25,0.04,0.24,0.47,

14,-18,0.24,0.04,0.25,0.47,

13,-18,0.25,0.04,0.25,0.47,

12,-18,0.25,0.04,0.25,0.46,

11,-18,0.23,0.04,0.26,0.47,

10,-18,0.23,0.04,0.27,0.46,

9,-18,0.23,0.04,0.27,0.46,

8,-18,0.23,0.04,0.29,0.45,

7,-18,0.22,0.04,0.30,0.45,

6,-18,0.22,0.04,0.30,0.44,

5,-18,0.21,0.05,0.30,0.44,

4,-18,0.21,0.05,0.31,0.44,

3,-18,0.20,0.05,0.31,0.44,

2,-18,0.20,0.05,0.32,0.43,

1,-18,0.19,0.06,0.32,0.43,

0,-18,0.19,0.06,0.33,0.42,

-1,-18,0.18,0.06,0.34,0.42,

-2,-18,0.18,0.06,0.34,0.42,

-3,-18,0.17,0.06,0.35,0.42,

-4,-18,0.17,0.07,0.34,0.41,

-5,-18,0.16,0.07,0.35,0.41,

-6,-18,0.16,0.07,0.36,0.41,

-7,-18,0.15,0.08,0.36,0.41,

-8,-18,0.15,0.08,0.36,0.41,

-9,-18,0.15,0.08,0.37,0.40,

-10,-18,0.14,0.09,0.37,0.40,

-11,-18,0.14,0.00,0.42,0.43,

-12,-18,0.13,0.10,0.38,0.39,

-13,-18,0.12,0.10,0.39,0.39,

-14,-18,0.13,0.10,0.39,0.39,

-15,-18,0.11,0.10,0.39,0.39,

-16,-18,0.10,0.11,0.40,0.38,

-17,-18,0.10,0.11,0.41,0.38,

-18,-18,0.09,0.12,0.41,0.38,

-19,-18,0.09,0.12,0.41,0.38,

-20,-18,0.08,0.13,0.42,0.38,

-21,-18,0.06,0.12,0.44,0.38,

-22,-18,0.07,0.13,0.43,0.37,

-23,-18,0.06,0.13,0.44,0.36,

-24,-18,0.06,0.13,0.44,0.37,

-25,-18,0.05,0.13,0.46,0.36,

-26,-18,0.06,0.13,0.44,0.38,

-27,-18,0.05,0.11,0.48,0.36,

-28,-18,0.04,0.08,0.52,0.36,

-29,-18,0.04,0.02,0.65,0.29,

-30,-18,0.00,0.00,0.81,0.19,

-30,-17,0.00,0.00,0.76,0.24,

-29,-17,0.00,0.04,0.63,0.34,

-28,-17,0.00,0.09,0.52,0.39,

-27,-17,0.03,0.11,0.48,0.37,

-26,-17,0.04,0.13,0.46,0.37,

-25,-17,0.04,0.13,0.46,0.37,

-24,-17,0.05,0.14,0.45,0.36,

-23,-17,0.05,0.13,0.44,0.37,

-22,-17,0.06,0.13,0.44,0.37,

-21,-17,0.06,0.13,0.44,0.38,

-20,-17,0.07,0.13,0.43,0.38,

-19,-17,0.07,0.13,0.42,0.38,

-18,-17,0.08,0.12,0.41,0.39,

-17,-17,0.08,0.12,0.41,0.39,

-16,-17,0.09,0.11,0.41,0.39,

-15,-17,0.09,0.11,0.40,0.40,

-14,-17,0.10,0.11,0.39,0.39,

-13,-17,0.11,0.11,0.39,0.39,

-12,-17,0.11,0.10,0.39,0.40,

-11,-17,0.14,0.10,0.38,0.39,

-10,-17,0.13,0.10,0.37,0.40,

-9,-17,0.13,0.09,0.38,0.40,

-8,-17,0.14,0.09,0.36,0.41,

-7,-17,0.15,0.08,0.36,0.41,

-6,-17,0.15,0.08,0.36,0.41,

-5,-17,0.15,0.10,0.35,0.40,

-4,-17,0.16,0.07,0.35,0.41,

-3,-17,0.16,0.07,0.35,0.41,

-2,-17,0.16,0.07,0.35,0.42,

-1,-17,0.18,0.06,0.34,0.42,

0,-17,0.18,0.06,0.33,0.42,

1,-17,0.19,0.06,0.33,0.43,

2,-17,0.19,0.06,0.32,0.43,

3,-17,0.18,0.06,0.32,0.44,

4,-17,0.21,0.05,0.31,0.44,

5,-17,0.21,0.05,0.31,0.44,

6,-17,0.21,0.05,0.30,0.44,

7,-17,0.22,0.05,0.29,0.44,

8,-17,0.23,0.04,0.29,0.45,

9,-17,0.23,0.04,0.28,0.45,

10,-17,0.23,0.05,0.27,0.45,

11,-17,0.24,0.04,0.27,0.46,

12,-17,0.24,0.06,0.25,0.45,

13,-17,0.24,0.04,0.25,0.47,

14,-17,0.24,0.04,0.25,0.47,

15,-17,0.25,0.04,0.25,0.47,

16,-17,0.25,0.05,0.24,0.47,

17,-17,0.25,0.04,0.25,0.47,

18,-17,0.25,0.04,0.24,0.48,

19,-17,0.25,0.05,0.23,0.47,

20,-17,0.24,0.05,0.23,0.47,

21,-17,0.24,0.05,0.22,0.48,

22,-17,0.24,0.06,0.22,0.47,

23,-17,0.23,0.07,0.21,0.48,

24,-17,0.23,0.08,0.22,0.47,

25,-17,0.23,0.09,0.21,0.47,

26,-17,0.22,0.09,0.20,0.48,

27,-17,0.22,0.09,0.20,0.50,

28,-17,0.21,0.08,0.20,0.51,

29,-17,0.21,0.07,0.20,0.52,

29,-16,0.21,0.07,0.20,0.52,

28,-16,0.21,0.04,0.21,0.54,

27,-16,0.22,0.09,0.21,0.49,

26,-16,0.21,0.09,0.20,0.50,

25,-16,0.21,0.08,0.22,0.48,

24,-16,0.22,0.08,0.22,0.48,

23,-16,0.23,0.07,0.22,0.48,

22,-16,0.24,0.05,0.23,0.48,

21,-16,0.23,0.06,0.23,0.47,

20,-16,0.25,0.05,0.23,0.47,

19,-16,0.24,0.04,0.23,0.48,

18,-16,0.25,0.04,0.24,0.48,

17,-16,0.24,0.05,0.24,0.47,

16,-16,0.24,0.05,0.24,0.47,

15,-16,0.25,0.05,0.25,0.45,

14,-16,0.25,0.06,0.25,0.45,

13,-16,0.23,0.05,0.26,0.46,

12,-16,0.24,0.05,0.26,0.45,

11,-16,0.24,0.05,0.26,0.45,

10,-16,0.24,0.05,0.27,0.44,

9,-16,0.24,0.05,0.28,0.44,

8,-16,0.23,0.05,0.28,0.44,

7,-16,0.23,0.03,0.29,0.45,

6,-16,0.24,0.00,0.30,0.46,

5,-16,0.22,0.05,0.30,0.43,

4,-16,0.22,0.05,0.31,0.42,

3,-16,0.21,0.05,0.32,0.43,

2,-16,0.21,0.06,0.31,0.42,

1,-16,0.20,0.06,0.32,0.42,

0,-16,0.19,0.06,0.33,0.42,

-1,-16,0.19,0.06,0.33,0.42,

-2,-16,0.19,0.07,0.33,0.41,

-3,-16,0.18,0.07,0.34,0.41,

-4,-16,0.17,0.08,0.35,0.40,

-5,-16,0.16,0.07,0.36,0.41,

-6,-16,0.16,0.09,0.35,0.40,

-7,-16,0.16,0.09,0.36,0.39,

-8,-16,0.15,0.09,0.36,0.40,

-9,-16,0.15,0.09,0.36,0.40,

-10,-16,0.14,0.11,0.37,0.39,

-11,-16,0.13,0.10,0.38,0.39,

-12,-16,0.13,0.11,0.38,0.39,

-13,-16,0.13,0.11,0.38,0.38,

-14,-16,0.12,0.11,0.39,0.39,

-15,-16,0.11,0.12,0.39,0.38,

-16,-16,0.12,0.12,0.39,0.38,

-17,-16,0.09,0.13,0.40,0.38,

-18,-16,0.09,0.13,0.41,0.37,

-19,-16,0.08,0.13,0.41,0.37,

-20,-16,0.08,0.13,0.42,0.37,

-21,-16,0.08,0.13,0.42,0.37,

-22,-16,0.07,0.07,0.46,0.40,

-23,-16,0.07,0.14,0.43,0.36,

-24,-16,0.07,0.00,0.51,0.42,

-25,-16,0.05,0.14,0.45,0.36,

-26,-16,0.05,0.14,0.45,0.36,

-27,-16,0.05,0.13,0.46,0.36,

-28,-16,0.05,0.10,0.48,0.37,

-29,-16,0.04,0.07,0.54,0.35,

-30,-16,0.04,0.04,0.63,0.29,

-30,-15,0.00,0.04,0.64,0.32,

-29,-15,0.01,0.09,0.51,0.38,

-28,-15,0.03,0.12,0.47,0.37,

-27,-15,0.04,0.13,0.46,0.37,

-26,-15,0.04,0.11,0.54,0.30,

-25,-15,0.05,0.14,0.45,0.36,

-24,-15,0.05,0.14,0.44,0.36,

-23,-15,0.06,0.14,0.44,0.37,

-22,-15,0.06,0.15,0.43,0.37,

-21,-15,0.07,0.14,0.42,0.37,

-20,-15,0.07,0.14,0.42,0.37,

-19,-15,0.06,0.13,0.42,0.38,

-18,-15,0.07,0.13,0.41,0.38,

-17,-15,0.08,0.13,0.41,0.38,

-16,-15,0.09,0.13,0.40,0.38,

-15,-15,0.09,0.12,0.40,0.39,

-14,-15,0.11,0.12,0.39,0.39,

-13,-15,0.11,0.09,0.40,0.40,

-12,-15,0.12,0.11,0.38,0.39,

-11,-15,0.13,0.11,0.38,0.39,

-10,-15,0.13,0.11,0.38,0.39,

-9,-15,0.14,0.09,0.37,0.40,

-8,-15,0.14,0.10,0.36,0.40,

-7,-15,0.15,0.09,0.36,0.40,

-6,-15,0.15,0.09,0.36,0.40,

-5,-15,0.16,0.08,0.36,0.40,

-4,-15,0.16,0.08,0.35,0.41,

-3,-15,0.17,0.08,0.34,0.41,

-2,-15,0.17,0.07,0.34,0.41,

-1,-15,0.19,0.07,0.34,0.41,

0,-15,0.18,0.06,0.33,0.42,

1,-15,0.19,0.06,0.32,0.42,

2,-15,0.19,0.05,0.33,0.43,

3,-15,0.20,0.05,0.32,0.43,

4,-15,0.21,0.05,0.31,0.43,

5,-15,0.21,0.06,0.30,0.43,

6,-15,0.22,0.05,0.29,0.44,

7,-15,0.23,0.05,0.29,0.44,

8,-15,0.23,0.05,0.28,0.44,

9,-15,0.23,0.05,0.28,0.44,

10,-15,0.23,0.05,0.28,0.44,

11,-15,0.24,0.05,0.27,0.44,

12,-15,0.24,0.05,0.26,0.45,

13,-15,0.25,0.05,0.25,0.45,

14,-15,0.25,0.05,0.25,0.45,

15,-15,0.25,0.05,0.25,0.46,

16,-15,0.25,0.05,0.24,0.46,

17,-15,0.25,0.04,0.24,0.47,

18,-15,0.25,0.03,0.25,0.47,

19,-15,0.25,0.05,0.24,0.47,

20,-15,0.25,0.05,0.23,0.47,

21,-15,0.24,0.05,0.23,0.47,

22,-15,0.24,0.05,0.22,0.48,

23,-15,0.23,0.06,0.22,0.48,

24,-15,0.24,0.07,0.22,0.47,

25,-15,0.23,0.08,0.22,0.47,

26,-15,0.23,0.08,0.21,0.48,

27,-15,0.22,0.09,0.20,0.49,

28,-15,0.22,0.09,0.20,0.50,

29,-15,0.22,0.08,0.19,0.51,

29,-14,0.20,0.08,0.20,0.51,

28,-14,0.21,0.09,0.21,0.49,

27,-14,0.22,0.09,0.20,0.49,

26,-14,0.22,0.08,0.22,0.48,

25,-14,0.22,0.07,0.22,0.48,

24,-14,0.23,0.06,0.23,0.48,

23,-14,0.23,0.06,0.23,0.48,

22,-14,0.23,0.05,0.23,0.48,

21,-14,0.24,0.05,0.23,0.47,

20,-14,0.24,0.04,0.24,0.47,

19,-14,0.25,0.05,0.24,0.47,

18,-14,0.24,0.05,0.24,0.47,

17,-14,0.25,0.05,0.24,0.46,

16,-14,0.25,0.05,0.25,0.46,

15,-14,0.25,0.05,0.25,0.46,

14,-14,0.25,0.05,0.25,0.45,

13,-14,0.24,0.05,0.26,0.45,

12,-14,0.24,0.05,0.26,0.45,

11,-14,0.24,0.05,0.27,0.44,

10,-14,0.24,0.05,0.28,0.44,

9,-14,0.24,0.05,0.28,0.44,

8,-14,0.24,0.05,0.28,0.44,

7,-14,0.23,0.05,0.29,0.44,

6,-14,0.24,0.00,0.31,0.45,

5,-14,0.23,0.05,0.30,0.43,

4,-14,0.21,0.09,0.29,0.41,

3,-14,0.21,0.05,0.31,0.42,

2,-14,0.20,0.06,0.32,0.42,

1,-14,0.20,0.06,0.32,0.41,

0,-14,0.19,0.06,0.33,0.42,

-1,-14,0.20,0.07,0.32,0.41,

-2,-14,0.19,0.07,0.34,0.41,

-3,-14,0.18,0.08,0.34,0.40,

-4,-14,0.18,0.08,0.34,0.40,

-5,-14,0.17,0.08,0.35,0.41,

-6,-14,0.16,0.09,0.35,0.40,

-7,-14,0.16,0.09,0.36,0.39,

-8,-14,0.13,0.10,0.37,0.40,

-9,-14,0.14,0.13,0.35,0.38,

-10,-14,0.15,0.10,0.37,0.38,

-11,-14,0.13,0.11,0.38,0.39,

-12,-14,0.13,0.11,0.37,0.38,

-13,-14,0.12,0.12,0.38,0.38,

-14,-14,0.13,0.10,0.39,0.39,

-15,-14,0.12,0.12,0.38,0.38,

-16,-14,0.11,0.13,0.39,0.38,

-17,-14,0.10,0.14,0.40,0.37,

-18,-14,0.09,0.14,0.40,0.37,

-19,-14,0.11,0.00,0.47,0.43,

-20,-14,0.08,0.14,0.41,0.36,

-21,-14,0.08,0.14,0.42,0.36,

-22,-14,0.08,0.14,0.42,0.36,

-23,-14,0.07,0.15,0.43,0.36,

-24,-14,0.06,0.15,0.43,0.36,

-25,-14,0.06,0.15,0.44,0.36,

-26,-14,0.05,0.14,0.45,0.35,

-27,-14,0.05,0.15,0.45,0.35,

-28,-14,0.04,0.12,0.47,0.37,

-29,-14,0.05,0.11,0.48,0.36,

-30,-14,0.04,0.06,0.54,0.35,

-30,-13,0.03,0.00,0.58,0.39,

-29,-13,0.02,0.11,0.49,0.37,

-28,-13,0.04,0.00,0.54,0.43,

-27,-13,0.04,0.14,0.45,0.37,

-26,-13,0.05,0.14,0.44,0.36,

-25,-13,0.05,0.14,0.45,0.36,

-24,-13,0.06,0.15,0.44,0.36,

-23,-13,0.06,0.15,0.44,0.36,

-22,-13,0.06,0.15,0.43,0.37,

-21,-13,0.07,0.14,0.42,0.37,

-20,-13,0.07,0.14,0.42,0.37,

-19,-13,0.03,0.15,0.44,0.39,

-18,-13,0.07,0.14,0.41,0.38,

-17,-13,0.08,0.14,0.40,0.38,

-16,-13,0.09,0.13,0.40,0.38,

-15,-13,0.10,0.13,0.40,0.38,

-14,-13,0.11,0.13,0.38,0.38,

-13,-13,0.11,0.12,0.39,0.39,

-12,-13,0.19,0.11,0.35,0.36,

-11,-13,0.12,0.12,0.37,0.39,

-10,-13,0.13,0.11,0.38,0.39,

-9,-13,0.13,0.11,0.37,0.39,

-8,-13,0.15,0.03,0.39,0.43,

-7,-13,0.15,0.10,0.35,0.40,

-6,-13,0.15,0.10,0.36,0.39,

-5,-13,0.16,0.09,0.35,0.40,

-4,-13,0.16,0.08,0.35,0.41,

-3,-13,0.17,0.08,0.35,0.41,

-2,-13,0.18,0.07,0.35,0.41,

-1,-13,0.18,0.07,0.34,0.41,

0,-13,0.19,0.06,0.33,0.42,

1,-13,0.20,0.06,0.32,0.42,

2,-13,0.17,0.06,0.33,0.44,

3,-13,0.21,0.05,0.32,0.42,

4,-13,0.21,0.05,0.31,0.43,

5,-13,0.22,0.05,0.30,0.43,

6,-13,0.22,0.05,0.30,0.44,

7,-13,0.23,0.05,0.29,0.44,

8,-13,0.23,0.05,0.28,0.44,

9,-13,0.24,0.05,0.28,0.44,

10,-13,0.24,0.05,0.27,0.44,

11,-13,0.24,0.05,0.27,0.44,

12,-13,0.24,0.05,0.26,0.45,

13,-13,0.25,0.05,0.25,0.45,

14,-13,0.25,0.05,0.25,0.45,

15,-13,0.25,0.05,0.25,0.45,

16,-13,0.26,0.05,0.24,0.46,

17,-13,0.25,0.05,0.24,0.46,

18,-13,0.25,0.05,0.24,0.46,

19,-13,0.25,0.05,0.24,0.46,

20,-13,0.26,0.05,0.23,0.47,

21,-13,0.25,0.05,0.23,0.48,

22,-13,0.24,0.05,0.23,0.47,

23,-13,0.24,0.05,0.22,0.48,

24,-13,0.24,0.06,0.23,0.47,

25,-13,0.23,0.07,0.22,0.48,

26,-13,0.23,0.07,0.22,0.48,

27,-13,0.23,0.07,0.21,0.48,

28,-13,0.22,0.09,0.20,0.49,

29,-13,0.22,0.08,0.20,0.50,

29,-12,0.21,0.08,0.20,0.51,

28,-12,0.22,0.07,0.21,0.49,

27,-12,0.22,0.08,0.21,0.48,

26,-12,0.22,0.07,0.22,0.48,

25,-12,0.23,0.06,0.22,0.48,

24,-12,0.24,0.05,0.23,0.48,

23,-12,0.24,0.05,0.23,0.48,

22,-12,0.24,0.06,0.23,0.47,

21,-12,0.24,0.05,0.23,0.47,

20,-12,0.25,0.04,0.24,0.48,

19,-12,0.25,0.04,0.24,0.47,

18,-12,0.25,0.05,0.24,0.46,

17,-12,0.26,0.05,0.24,0.46,

16,-12,0.25,0.05,0.25,0.45,

15,-12,0.25,0.05,0.25,0.45,

14,-12,0.23,0.05,0.25,0.47,

13,-12,0.25,0.05,0.26,0.44,

12,-12,0.25,0.05,0.26,0.44,

11,-12,0.25,0.05,0.27,0.44,

10,-12,0.25,0.05,0.27,0.44,

9,-12,0.24,0.05,0.28,0.43,

8,-12,0.25,0.03,0.28,0.44,

7,-12,0.23,0.05,0.29,0.43,

6,-12,0.23,0.04,0.29,0.43,

5,-12,0.23,0.05,0.29,0.42,

4,-12,0.22,0.05,0.30,0.42,

3,-12,0.22,0.06,0.31,0.41,

2,-12,0.21,0.06,0.32,0.41,

1,-12,0.21,0.06,0.32,0.41,

0,-12,0.20,0.07,0.32,0.41,

-1,-12,0.19,0.07,0.33,0.41,

-2,-12,0.19,0.08,0.33,0.40,

-3,-12,0.18,0.09,0.34,0.40,

-4,-12,0.17,0.09,0.34,0.40,

-5,-12,0.15,0.08,0.42,0.35,

-6,-12,0.16,0.09,0.34,0.40,

-7,-12,0.16,0.10,0.36,0.39,

-8,-12,0.16,0.10,0.36,0.39,

-9,-12,0.16,0.11,0.30,0.42,

-10,-12,0.14,0.11,0.37,0.38,

-11,-12,0.13,0.12,0.37,0.38,

-12,-12,0.13,0.12,0.37,0.38,

-13,-12,0.12,0.12,0.38,0.38,

-14,-12,0.11,0.20,0.35,0.34,

-15,-12,0.12,0.13,0.38,0.37,

-16,-12,0.11,0.13,0.39,0.37,

-17,-12,0.10,0.14,0.40,0.36,

-18,-12,0.09,0.14,0.40,0.37,

-19,-12,0.09,0.14,0.41,0.36,

-20,-12,0.08,0.15,0.41,0.36,

-21,-12,0.08,0.19,0.47,0.25,

-22,-12,0.07,0.15,0.42,0.36,

-23,-12,0.07,0.15,0.42,0.36,

-24,-12,0.06,0.17,0.42,0.35,

-25,-12,0.06,0.15,0.44,0.35,

-26,-12,0.06,0.15,0.44,0.36,

-27,-12,0.05,0.14,0.45,0.35,

-28,-12,0.05,0.13,0.46,0.36,

-29,-12,0.04,0.12,0.47,0.37,

-30,-12,0.05,0.10,0.49,0.37,

-30,-11,0.04,0.10,0.49,0.38,

-29,-11,0.03,0.12,0.48,0.37,

-28,-11,0.04,0.13,0.45,0.37,

-27,-11,0.14,0.14,0.40,0.33,

-26,-11,0.05,0.16,0.44,0.36,

-25,-11,0.05,0.16,0.44,0.35,

-24,-11,0.06,0.15,0.43,0.36,

-23,-11,0.06,0.16,0.42,0.36,

-22,-11,0.07,0.16,0.42,0.36,

-21,-11,0.06,0.16,0.42,0.36,

-20,-11,0.06,0.16,0.42,0.36,

-19,-11,0.07,0.15,0.41,0.36,

-18,-11,0.08,0.15,0.40,0.37,

-17,-11,0.09,0.14,0.40,0.37,

-16,-11,0.09,0.14,0.39,0.38,

-15,-11,0.10,0.14,0.39,0.37,

-14,-11,0.11,0.12,0.39,0.38,

-13,-11,0.11,0.13,0.38,0.38,

-12,-11,0.11,0.13,0.37,0.38,

-11,-11,0.12,0.12,0.37,0.38,

-10,-11,0.12,0.12,0.37,0.39,

-9,-11,0.13,0.11,0.37,0.39,

-8,-11,0.14,0.11,0.36,0.39,

-7,-11,0.15,0.11,0.35,0.39,

-6,-11,0.16,0.10,0.35,0.39,

-5,-11,0.16,0.10,0.35,0.40,

-4,-11,0.17,0.09,0.34,0.40,

-3,-11,0.17,0.09,0.34,0.40,

-2,-11,0.18,0.08,0.34,0.41,

-1,-11,0.18,0.08,0.33,0.41,

0,-11,0.19,0.07,0.32,0.41,

1,-11,0.20,0.07,0.32,0.41,

2,-11,0.20,0.06,0.32,0.42,

3,-11,0.21,0.06,0.31,0.42,

4,-11,0.22,0.05,0.30,0.42,

5,-11,0.23,0.05,0.30,0.42,

6,-11,0.23,0.05,0.29,0.42,

7,-11,0.23,0.05,0.29,0.43,

8,-11,0.24,0.05,0.28,0.43,

9,-11,0.26,0.04,0.27,0.42,

10,-11,0.25,0.05,0.27,0.44,

11,-11,0.25,0.05,0.27,0.44,

12,-11,0.25,0.05,0.26,0.44,

13,-11,0.25,0.05,0.25,0.45,

14,-11,0.26,0.05,0.25,0.44,

15,-11,0.26,0.05,0.24,0.45,

16,-11,0.26,0.05,0.24,0.45,

17,-11,0.27,0.04,0.24,0.46,

18,-11,0.26,0.06,0.23,0.45,

19,-11,0.26,0.05,0.23,0.46,

20,-11,0.26,0.05,0.23,0.46,

21,-11,0.26,0.05,0.23,0.47,

22,-11,0.26,0.05,0.23,0.47,

23,-11,0.10,0.06,0.25,0.59,

24,-11,0.26,0.05,0.22,0.47,

25,-11,0.24,0.06,0.22,0.48,

26,-11,0.25,0.07,0.21,0.47,

27,-11,0.24,0.07,0.21,0.48,

28,-11,0.24,0.08,0.20,0.48,

29,-11,0.23,0.08,0.20,0.50,

29,-10,0.23,0.08,0.20,0.49,

28,-10,0.23,0.08,0.20,0.49,

27,-10,0.23,0.07,0.21,0.48,

26,-10,0.24,0.06,0.22,0.48,

25,-10,0.24,0.06,0.22,0.48,

24,-10,0.24,0.05,0.22,0.48,

23,-10,0.25,0.05,0.22,0.47,

22,-10,0.25,0.05,0.22,0.47,

21,-10,0.26,0.04,0.23,0.47,

20,-10,0.25,0.05,0.24,0.46,

19,-10,0.26,0.05,0.23,0.46,

18,-10,0.26,0.06,0.23,0.44,

17,-10,0.28,0.00,0.25,0.48,

16,-10,0.26,0.05,0.24,0.45,

15,-10,0.27,0.06,0.24,0.44,

14,-10,0.27,0.05,0.24,0.44,

13,-10,0.27,0.05,0.25,0.44,

12,-10,0.33,0.04,0.23,0.40,

11,-10,0.26,0.05,0.26,0.44,

10,-10,0.26,0.04,0.27,0.43,

9,-10,0.25,0.04,0.28,0.43,

8,-10,0.25,0.05,0.28,0.42,

7,-10,0.25,0.05,0.28,0.42,

6,-10,0.22,0.12,0.27,0.39,

5,-10,0.24,0.05,0.30,0.41,

4,-10,0.24,0.05,0.30,0.41,

3,-10,0.23,0.06,0.30,0.41,

2,-10,0.22,0.07,0.31,0.40,

1,-10,0.21,0.08,0.31,0.40,

0,-10,0.21,0.08,0.31,0.40,

-1,-10,0.21,0.08,0.32,0.39,

-2,-10,0.20,0.09,0.32,0.39,

-3,-10,0.19,0.09,0.33,0.39,

-4,-10,0.18,0.09,0.34,0.39,

-5,-10,0.18,0.10,0.34,0.39,

-6,-10,0.17,0.11,0.34,0.38,

-7,-10,0.15,0.11,0.35,0.39,

-8,-10,0.15,0.11,0.35,0.38,

-9,-10,0.15,0.12,0.35,0.38,

-10,-10,0.14,0.13,0.36,0.37,

-11,-10,0.14,0.13,0.36,0.37,

-12,-10,0.13,0.14,0.36,0.37,

-13,-10,0.12,0.12,0.38,0.38,

-14,-10,0.11,0.14,0.38,0.37,

-15,-10,0.10,0.15,0.38,0.37,

-16,-10,0.12,0.06,0.42,0.40,

-17,-10,0.10,0.15,0.39,0.36,

-18,-10,0.09,0.15,0.40,0.36,

-19,-10,0.08,0.16,0.40,0.36,

-20,-10,0.08,0.16,0.41,0.35,

-21,-10,0.07,0.16,0.41,0.35,

-22,-10,0.07,0.16,0.42,0.35,

-23,-10,0.07,0.16,0.42,0.35,

-24,-10,0.07,0.16,0.42,0.35,

-25,-10,0.06,0.17,0.44,0.34,

-26,-10,0.06,0.16,0.43,0.35,

-27,-10,0.05,0.15,0.44,0.36,

-28,-10,0.06,0.14,0.45,0.35,

-29,-10,0.05,0.14,0.45,0.36,

-30,-10,0.05,0.11,0.47,0.37,

-30,-9,0.03,0.13,0.47,0.37,

-29,-9,0.04,0.14,0.46,0.36,

-28,-9,0.04,0.15,0.45,0.36,

-27,-9,0.05,0.16,0.44,0.35,

-26,-9,0.05,0.17,0.43,0.35,

-25,-9,0.06,0.16,0.43,0.35,

-24,-9,0.06,0.17,0.42,0.35,

-23,-9,0.06,0.17,0.42,0.35,

-22,-9,0.06,0.17,0.41,0.35,

-21,-9,0.06,0.17,0.41,0.36,

-20,-9,0.07,0.16,0.41,0.35,

-19,-9,0.07,0.17,0.40,0.36,

-18,-9,0.08,0.16,0.40,0.36,

-17,-9,0.08,0.16,0.39,0.37,

-16,-9,0.09,0.16,0.39,0.36,

-15,-9,0.10,0.16,0.38,0.37,

-14,-9,0.10,0.15,0.38,0.37,

-13,-9,0.10,0.15,0.37,0.37,

-12,-9,0.11,0.14,0.37,0.38,

-11,-9,0.12,0.14,0.37,0.38,

-10,-9,0.12,0.13,0.37,0.38,

-9,-9,0.13,0.13,0.36,0.38,

-8,-9,0.14,0.12,0.35,0.39,

-7,-9,0.15,0.11,0.35,0.38,

-6,-9,0.16,0.11,0.34,0.39,

-5,-9,0.16,0.10,0.35,0.39,

-4,-9,0.17,0.10,0.34,0.39,

-3,-9,0.18,0.09,0.33,0.39,

-2,-9,0.18,0.09,0.33,0.40,

-1,-9,0.20,0.09,0.32,0.39,

0,-9,0.20,0.08,0.32,0.40,

1,-9,0.21,0.07,0.31,0.41,

2,-9,0.22,0.07,0.31,0.41,

3,-9,0.22,0.07,0.30,0.41,

4,-9,0.23,0.06,0.30,0.41,

5,-9,0.24,0.05,0.29,0.42,

6,-9,0.24,0.05,0.29,0.42,

7,-9,0.25,0.05,0.28,0.42,

8,-9,0.25,0.05,0.27,0.42,

9,-9,0.25,0.05,0.27,0.43,

10,-9,0.26,0.05,0.26,0.43,

11,-9,0.26,0.05,0.26,0.43,

12,-9,0.26,0.05,0.25,0.43,

13,-9,0.21,0.03,0.43,0.33,

14,-9,0.27,0.05,0.25,0.44,

15,-9,0.27,0.05,0.24,0.44,

16,-9,0.27,0.08,0.22,0.43,

17,-9,0.27,0.05,0.24,0.44,

18,-9,0.27,0.05,0.23,0.45,

19,-9,0.27,0.05,0.23,0.45,

20,-9,0.27,0.05,0.22,0.46,

21,-9,0.27,0.05,0.22,0.46,

22,-9,0.27,0.05,0.22,0.47,

23,-9,0.26,0.05,0.22,0.47,

24,-9,0.26,0.05,0.21,0.47,

25,-9,0.26,0.05,0.21,0.48,

26,-9,0.26,0.06,0.21,0.47,

27,-9,0.25,0.06,0.20,0.48,

28,-9,0.24,0.07,0.20,0.48,

29,-9,0.25,0.08,0.19,0.48,

29,-8,0.24,0.07,0.20,0.49,

28,-8,0.24,0.07,0.21,0.49,

27,-8,0.24,0.05,0.21,0.49,

26,-8,0.25,0.05,0.21,0.48,

25,-8,0.25,0.05,0.21,0.48,

24,-8,0.26,0.05,0.21,0.48,

23,-8,0.27,0.05,0.21,0.47,

22,-8,0.27,0.05,0.22,0.47,

21,-8,0.27,0.05,0.22,0.47,

20,-8,0.27,0.05,0.22,0.46,

19,-8,0.27,0.05,0.23,0.45,

18,-8,0.28,0.05,0.23,0.45,

17,-8,0.27,0.05,0.23,0.45,

16,-8,0.28,0.06,0.23,0.44,

15,-8,0.28,0.06,0.23,0.44,

14,-8,0.28,0.05,0.24,0.44,

13,-8,0.27,0.05,0.25,0.44,

12,-8,0.27,0.05,0.25,0.44,

11,-8,0.27,0.05,0.25,0.43,

10,-8,0.27,0.04,0.27,0.42,

9,-8,0.31,0.06,0.31,0.33,

8,-8,0.26,0.03,0.28,0.43,

7,-8,0.25,0.05,0.27,0.42,

6,-8,0.25,0.05,0.29,0.41,

5,-8,0.24,0.06,0.29,0.41,

4,-8,0.24,0.06,0.29,0.41,

3,-8,0.23,0.07,0.30,0.40,

2,-8,0.23,0.07,0.30,0.40,

1,-8,0.22,0.08,0.31,0.40,

0,-8,0.21,0.08,0.32,0.39,

-1,-8,0.21,0.08,0.32,0.39,

-2,-8,0.22,0.00,0.35,0.43,

-3,-8,0.19,0.09,0.32,0.39,

-4,-8,0.18,0.10,0.34,0.38,

-5,-8,0.18,0.11,0.34,0.38,

-6,-8,0.18,0.11,0.34,0.38,

-7,-8,0.17,0.12,0.34,0.38,

-8,-8,0.16,0.13,0.34,0.38,

-9,-8,0.16,0.12,0.35,0.37,

-10,-8,0.14,0.13,0.35,0.37,

-11,-8,0.13,0.14,0.35,0.37,

-12,-8,0.13,0.15,0.36,0.36,

-13,-8,0.12,0.15,0.36,0.36,

-14,-8,0.12,0.16,0.36,0.36,

-15,-8,0.11,0.17,0.36,0.36,

-16,-8,0.10,0.16,0.38,0.35,

-17,-8,0.10,0.17,0.38,0.36,

-18,-8,0.09,0.17,0.39,0.35,

-19,-8,0.08,0.18,0.39,0.35,

-20,-8,0.08,0.15,0.41,0.35,

-21,-8,0.07,0.18,0.41,0.34,

-22,-8,0.06,0.18,0.40,0.35,

