AngleServo,AnglePlatform,Voltage1,Voltage2,Voltage3,Voltage4
29,-30,0.59,0.04,0.00,0.37,

28,-30,0.08,0.00,0.03,0.89,

27,-30,0.11,0.02,0.07,0.80,

26,-30,0.11,0.02,0.13,0.74,

25,-30,0.16,0.03,0.19,0.62,

24,-30,0.19,0.07,0.21,0.53,

23,-30,0.20,0.04,0.25,0.51,

22,-30,0.24,0.05,0.25,0.47,

21,-30,0.25,0.06,0.25,0.45,

20,-30,0.24,0.06,0.25,0.45,

19,-30,0.25,0.06,0.25,0.45,

18,-30,0.25,0.06,0.26,0.43,

17,-30,0.25,0.06,0.25,0.43,

16,-30,0.25,0.07,0.26,0.42,

15,-30,0.25,0.07,0.25,0.42,

14,-30,0.26,0.07,0.26,0.41,

13,-30,0.26,0.07,0.26,0.41,

12,-30,0.26,0.07,0.26,0.41,

11,-30,0.26,0.07,0.27,0.40,

10,-30,0.27,0.01,0.29,0.43,

9,-30,0.25,0.07,0.28,0.40,

8,-30,0.25,0.08,0.28,0.39,

7,-30,0.25,0.08,0.28,0.39,

6,-30,0.24,0.08,0.29,0.39,

5,-30,0.24,0.08,0.29,0.39,

4,-30,0.24,0.09,0.29,0.38,

3,-30,0.24,0.08,0.30,0.38,

2,-30,0.23,0.09,0.30,0.38,

1,-30,0.23,0.09,0.30,0.37,

0,-30,0.23,0.09,0.31,0.37,

-1,-30,0.22,0.09,0.31,0.37,

-2,-30,0.21,0.10,0.31,0.37,

-3,-30,0.21,0.10,0.32,0.37,

-4,-30,0.20,0.11,0.32,0.37,

-5,-30,0.20,0.11,0.32,0.37,

-6,-30,0.18,0.12,0.33,0.37,

-7,-30,0.18,0.12,0.33,0.37,

-8,-30,0.18,0.12,0.33,0.37,

-9,-30,0.19,0.12,0.30,0.39,

-10,-30,0.18,0.10,0.35,0.37,

-11,-30,0.17,0.13,0.35,0.36,

-12,-30,0.16,0.12,0.35,0.37,

-13,-30,0.15,0.13,0.35,0.37,

-14,-30,0.17,0.02,0.40,0.41,

-15,-30,0.14,0.13,0.37,0.37,

-16,-30,0.13,0.13,0.37,0.37,

-17,-30,0.13,0.13,0.37,0.37,

-18,-30,0.12,0.13,0.38,0.37,

-19,-30,0.12,0.12,0.39,0.37,

-20,-30,0.10,0.09,0.41,0.39,

-21,-30,0.09,0.07,0.43,0.41,

-22,-30,0.08,0.03,0.47,0.42,

-23,-30,0.08,0.00,0.59,0.33,

-24,-30,0.00,0.00,0.75,0.25,

-25,-30,0.00,0.00,0.83,0.17,

-26,-30, NAN, NAN, NAN, NAN,

-27,-30, NAN, NAN, NAN, NAN,

-28,-30, NAN, NAN, NAN, NAN,

-29,-30, NAN, NAN, NAN, NAN,

-30,-30, NAN, NAN, NAN, NAN,

-30,-29, NAN, NAN, NAN, NAN,

-29,-29, NAN, NAN, NAN, NAN,

-28,-29, NAN, NAN, NAN, NAN,

-27,-29, NAN, NAN, NAN, NAN,

-26,-29,0.00,0.00,1.00,0.00,

-25,-29,0.00,0.00,0.77,0.23,

-24,-29,0.00,0.00,0.66,0.34,

-23,-29,0.00,0.03,0.53,0.44,

-22,-29,0.02,0.07,0.48,0.43,

-21,-29,0.05,0.11,0.43,0.41,

-20,-29,0.08,0.12,0.42,0.39,

-19,-29,0.08,0.13,0.40,0.39,

-18,-29,0.10,0.14,0.39,0.38,

-17,-29,0.11,0.14,0.38,0.38,

-16,-29,0.12,0.14,0.38,0.37,

-15,-29,0.12,0.13,0.37,0.37,

-14,-29,0.13,0.15,0.36,0.36,

-13,-29,0.14,0.14,0.36,0.36,

-12,-29,0.15,0.13,0.35,0.37,

-11,-29,0.15,0.13,0.35,0.37,

-10,-29,0.16,0.13,0.35,0.37,

-9,-29,0.19,0.15,0.22,0.44,

-8,-29,0.17,0.12,0.34,0.37,

-7,-29,0.18,0.12,0.34,0.37,

-6,-29,0.18,0.12,0.33,0.37,

-5,-29,0.19,0.11,0.33,0.38,

-4,-29,0.19,0.11,0.33,0.37,

-3,-29,0.20,0.10,0.32,0.38,

-2,-29,0.20,0.09,0.32,0.38,

-1,-29,0.21,0.10,0.32,0.38,

0,-29,0.22,0.09,0.31,0.38,

1,-29,0.22,0.09,0.31,0.38,

2,-29,0.22,0.09,0.31,0.38,

3,-29,0.23,0.09,0.30,0.38,

4,-29,0.23,0.09,0.30,0.39,

5,-29,0.24,0.08,0.29,0.39,

6,-29,0.24,0.09,0.29,0.39,

7,-29,0.24,0.08,0.29,0.40,

8,-29,0.25,0.07,0.29,0.39,

9,-29,0.25,0.07,0.28,0.40,

10,-29,0.25,0.07,0.27,0.40,

11,-29,0.26,0.06,0.27,0.40,

12,-29,0.26,0.07,0.27,0.41,

13,-29,0.27,0.04,0.27,0.42,

14,-29,0.26,0.06,0.26,0.41,

15,-29,0.26,0.08,0.26,0.41,

16,-29,0.26,0.06,0.26,0.42,

17,-29,0.26,0.06,0.26,0.42,

18,-29,0.28,0.00,0.27,0.45,

19,-29,0.26,0.05,0.25,0.44,

20,-29,0.26,0.05,0.25,0.45,

21,-29,0.26,0.05,0.24,0.45,

22,-29,0.26,0.04,0.24,0.46,

23,-29,0.26,0.04,0.23,0.47,

24,-29,0.26,0.04,0.20,0.50,

25,-29,0.24,0.03,0.19,0.55,

26,-29,0.23,0.03,0.14,0.60,

27,-29,0.24,0.00,0.07,0.69,

28,-29,0.16,0.00,0.05,0.79,

29,-29,0.16,0.00,0.03,0.81,

29,-28,0.15,0.00,0.05,0.80,

28,-28,0.12,0.02,0.12,0.75,

27,-28,0.14,0.03,0.18,0.65,

26,-28,0.17,0.04,0.22,0.57,

25,-28,0.20,0.06,0.24,0.50,

24,-28,0.24,0.05,0.24,0.48,

23,-28,0.25,0.05,0.25,0.45,

22,-28,0.25,0.06,0.25,0.44,

21,-28,0.25,0.05,0.25,0.44,

20,-28,0.25,0.06,0.26,0.43,

19,-28,0.25,0.06,0.26,0.43,

18,-28,0.26,0.07,0.26,0.42,

17,-28,0.26,0.07,0.26,0.42,

16,-28,0.25,0.07,0.26,0.41,

15,-28,0.26,0.07,0.26,0.41,

14,-28,0.26,0.07,0.27,0.40,

13,-28,0.26,0.07,0.26,0.40,

12,-28,0.26,0.08,0.27,0.39,

11,-28,0.26,0.08,0.27,0.39,

10,-28,0.26,0.08,0.27,0.39,

9,-28,0.24,0.08,0.28,0.39,

8,-28,0.25,0.08,0.28,0.38,

7,-28,0.24,0.08,0.29,0.38,

6,-28,0.24,0.08,0.29,0.38,

5,-28,0.24,0.08,0.30,0.38,

4,-28,0.24,0.09,0.29,0.38,

3,-28,0.23,0.10,0.30,0.37,

2,-28,0.23,0.10,0.30,0.37,

1,-28,0.22,0.10,0.31,0.37,

0,-28,0.22,0.10,0.31,0.37,

-1,-28,0.22,0.10,0.31,0.36,

-2,-28,0.22,0.10,0.31,0.37,

-3,-28,0.21,0.11,0.32,0.36,

-4,-28,0.21,0.11,0.32,0.36,

-5,-28,0.20,0.12,0.32,0.36,

-6,-28,0.19,0.12,0.33,0.36,

-7,-28,0.19,0.13,0.33,0.36,

-8,-28,0.19,0.13,0.33,0.36,

-9,-28,0.19,0.12,0.33,0.36,

-10,-28,0.18,0.13,0.34,0.35,

-11,-28,0.17,0.14,0.34,0.36,

-12,-28,0.16,0.14,0.34,0.36,

-13,-28,0.16,0.15,0.34,0.35,

-14,-28,0.15,0.15,0.35,0.36,

-15,-28,0.15,0.15,0.36,0.35,

-16,-28,0.14,0.13,0.37,0.36,

-17,-28,0.13,0.15,0.37,0.35,

-18,-28,0.13,0.15,0.37,0.35,

-19,-28,0.12,0.15,0.38,0.36,

-20,-28,0.13,0.14,0.38,0.36,

-21,-28,0.09,0.24,0.35,0.32,

-22,-28,0.10,0.12,0.41,0.37,

-23,-28,0.09,0.08,0.44,0.39,

-24,-28,0.07,0.04,0.50,0.39,

-25,-28,0.06,0.00,0.66,0.29,

-26,-28,0.00,0.00,0.73,0.27,

-27,-28,0.00,0.00,1.00,0.00,

-28,-28, NAN, NAN, NAN, NAN,

-29,-28, NAN, NAN, NAN, NAN,

-30,-28, NAN, NAN, NAN, NAN,

-30,-27, NAN, NAN, NAN, NAN,

-29,-27, NAN, NAN, NAN, NAN,

-28,-27,0.00,0.00,1.00,0.00,

-27,-27,0.00,0.00,0.86,0.14,

-26,-27,0.00,0.00,0.73,0.27,

-25,-27,0.00,0.02,0.61,0.37,

-24,-27,0.01,0.09,0.49,0.41,

-23,-27,0.04,0.11,0.45,0.40,

-22,-27,0.07,0.15,0.41,0.37,

-21,-27,0.08,0.16,0.40,0.37,

-20,-27,0.09,0.16,0.39,0.36,

-19,-27,0.10,0.17,0.37,0.36,

-18,-27,0.11,0.17,0.37,0.35,

-17,-27,0.12,0.16,0.37,0.35,

-16,-27,0.12,0.17,0.36,0.35,

-15,-27,0.14,0.08,0.39,0.39,

-14,-27,0.14,0.16,0.35,0.35,

-13,-27,0.15,0.15,0.35,0.35,

-12,-27,0.16,0.15,0.34,0.35,

-11,-27,0.16,0.15,0.34,0.35,

-10,-27,0.16,0.14,0.34,0.35,

-9,-27,0.17,0.15,0.34,0.35,

-8,-27,0.18,0.14,0.33,0.35,

-7,-27,0.19,0.13,0.33,0.35,

-6,-27,0.19,0.13,0.33,0.35,

-5,-27,0.20,0.13,0.32,0.36,

-4,-27,0.20,0.12,0.32,0.36,

-3,-27,0.19,0.13,0.32,0.37,

-2,-27,0.21,0.12,0.31,0.36,

-1,-27,0.22,0.12,0.31,0.36,

0,-27,0.22,0.11,0.31,0.36,

1,-27,0.22,0.11,0.30,0.36,

2,-27,0.23,0.10,0.31,0.36,

3,-27,0.23,0.10,0.30,0.36,

4,-27,0.24,0.10,0.29,0.37,

5,-27,0.24,0.10,0.29,0.37,

6,-27,0.24,0.10,0.29,0.37,

7,-27,0.25,0.10,0.28,0.37,

8,-27,0.25,0.09,0.29,0.38,

9,-27,0.26,0.09,0.28,0.38,

10,-27,0.26,0.08,0.28,0.38,

11,-27,0.26,0.08,0.27,0.38,

12,-27,0.26,0.08,0.27,0.38,

13,-27,0.26,0.08,0.27,0.38,

14,-27,0.26,0.09,0.26,0.39,

15,-27,0.27,0.08,0.26,0.39,

16,-27,0.27,0.08,0.26,0.39,

17,-27,0.26,0.08,0.26,0.40,

18,-27,0.27,0.07,0.26,0.40,

19,-27,0.26,0.07,0.26,0.41,

20,-27,0.26,0.07,0.26,0.41,

21,-27,0.26,0.06,0.26,0.42,

22,-27,0.26,0.06,0.25,0.43,

23,-27,0.26,0.06,0.25,0.43,

24,-27,0.26,0.05,0.24,0.44,

25,-27,0.25,0.05,0.25,0.45,

26,-27,0.26,0.05,0.23,0.46,

27,-27,0.27,0.00,0.20,0.52,

28,-27,0.26,0.03,0.17,0.55,

29,-27,0.23,0.02,0.13,0.63,

29,-26,0.20,0.03,0.19,0.59,

28,-26,0.19,0.04,0.23,0.55,

27,-26,0.22,0.05,0.24,0.49,

26,-26,0.25,0.06,0.25,0.45,

25,-26,0.26,0.00,0.27,0.48,

24,-26,0.24,0.06,0.25,0.44,

23,-26,0.25,0.06,0.26,0.43,

22,-26,0.26,0.07,0.26,0.42,

21,-26,0.25,0.07,0.25,0.42,

20,-26,0.25,0.08,0.26,0.41,

19,-26,0.25,0.08,0.27,0.40,

18,-26,0.26,0.08,0.26,0.40,

17,-26,0.26,0.09,0.27,0.39,

16,-26,0.26,0.09,0.26,0.40,

15,-26,0.26,0.09,0.26,0.38,

14,-26,0.26,0.09,0.27,0.39,

13,-26,0.26,0.08,0.27,0.38,

12,-26,0.24,0.09,0.27,0.39,

11,-26,0.26,0.09,0.27,0.38,

10,-26,0.25,0.09,0.28,0.38,

9,-26,0.26,0.09,0.28,0.37,

8,-26,0.25,0.09,0.28,0.37,

7,-26,0.25,0.10,0.28,0.37,

6,-26,0.25,0.08,0.30,0.37,

5,-26,0.24,0.10,0.29,0.36,

4,-26,0.24,0.10,0.29,0.36,

3,-26,0.24,0.11,0.30,0.36,

2,-26,0.23,0.11,0.30,0.35,

1,-26,0.23,0.12,0.30,0.35,

0,-26,0.23,0.12,0.30,0.35,

-1,-26,0.23,0.12,0.30,0.35,

-2,-26,0.22,0.13,0.31,0.35,

-3,-26,0.22,0.13,0.31,0.35,

-4,-26,0.21,0.13,0.31,0.34,

-5,-26,0.20,0.14,0.31,0.34,

-6,-26,0.20,0.14,0.32,0.35,

-7,-26,0.20,0.14,0.32,0.34,

-8,-26,0.20,0.14,0.32,0.34,

-9,-26,0.19,0.14,0.33,0.34,

-10,-26,0.18,0.15,0.32,0.34,

-11,-26,0.18,0.16,0.33,0.33,

-12,-26,0.17,0.16,0.33,0.34,

-13,-26,0.17,0.16,0.33,0.34,

-14,-26,0.16,0.16,0.34,0.34,

-15,-26,0.15,0.17,0.35,0.34,

-16,-26,0.15,0.17,0.35,0.34,

-17,-26,0.15,0.17,0.35,0.33,

-18,-26,0.13,0.20,0.34,0.33,

-19,-26,0.13,0.18,0.36,0.34,

-20,-26,0.12,0.18,0.36,0.34,

-21,-26,0.11,0.20,0.36,0.33,

-22,-26,0.10,0.19,0.37,0.34,

-23,-26,0.09,0.18,0.38,0.34,

-24,-26,0.07,0.14,0.48,0.31,

-25,-26,0.08,0.08,0.46,0.38,

-26,-26,0.07,0.03,0.57,0.33,

-27,-26,0.04,0.00,0.77,0.19,

-28,-26,0.00,0.00,1.00,0.00,

-29,-26, NAN, NAN, NAN, NAN,

-30,-26, NAN, NAN, NAN, NAN,

-30,-25, NAN, NAN, NAN, NAN,

-29,-25,0.00,0.00,1.00,0.00,

-28,-25,0.00,0.00,0.84,0.16,

-27,-25,0.00,0.00,0.71,0.29,

-26,-25,0.00,0.08,0.52,0.40,

-25,-25,0.04,0.13,0.45,0.38,

-24,-25,0.06,0.18,0.43,0.34,

-23,-25,0.08,0.18,0.39,0.35,

-22,-25,0.09,0.19,0.38,0.35,

-21,-25,0.09,0.19,0.38,0.34,

-20,-25,0.11,0.19,0.37,0.34,

-19,-25,0.12,0.19,0.36,0.33,

-18,-25,0.12,0.19,0.35,0.34,

-17,-25,0.13,0.18,0.35,0.34,

-16,-25,0.13,0.18,0.35,0.34,

-15,-25,0.14,0.18,0.35,0.34,

-14,-25,0.15,0.17,0.34,0.34,

-13,-25,0.17,0.17,0.33,0.33,

-12,-25,0.16,0.17,0.33,0.33,

-11,-25,0.17,0.17,0.33,0.34,

-10,-25,0.17,0.17,0.33,0.33,

-9,-25,0.18,0.16,0.32,0.34,

-8,-25,0.19,0.15,0.32,0.34,

-7,-25,0.19,0.16,0.32,0.34,

-6,-25,0.20,0.14,0.32,0.34,

-5,-25,0.20,0.15,0.31,0.34,

-4,-25,0.21,0.14,0.31,0.34,

-3,-25,0.21,0.14,0.31,0.34,

-2,-25,0.20,0.13,0.31,0.35,

-1,-25,0.22,0.13,0.31,0.35,

0,-25,0.22,0.14,0.30,0.34,

1,-25,0.22,0.13,0.30,0.35,

2,-25,0.23,0.13,0.30,0.35,

3,-25,0.23,0.12,0.30,0.35,

4,-25,0.24,0.11,0.30,0.35,

5,-25,0.24,0.11,0.29,0.36,

6,-25,0.25,0.11,0.29,0.36,

7,-25,0.25,0.11,0.29,0.36,

8,-25,0.25,0.10,0.29,0.36,

9,-25,0.27,0.11,0.23,0.39,

10,-25,0.26,0.10,0.27,0.37,

11,-25,0.26,0.09,0.28,0.37,

12,-25,0.26,0.09,0.27,0.37,

13,-25,0.29,0.00,0.29,0.41,

14,-25,0.26,0.10,0.26,0.38,

15,-25,0.29,0.00,0.29,0.41,

16,-25,0.27,0.10,0.26,0.38,

17,-25,0.26,0.10,0.26,0.38,

18,-25,0.26,0.10,0.26,0.38,

19,-25,0.26,0.10,0.26,0.38,

20,-25,0.26,0.09,0.26,0.39,

21,-25,0.26,0.09,0.26,0.39,

22,-25,0.27,0.07,0.26,0.40,

23,-25,0.26,0.10,0.25,0.40,

24,-25,0.26,0.07,0.25,0.42,

25,-25,0.26,0.07,0.25,0.42,

26,-25,0.26,0.05,0.25,0.44,

27,-25,0.26,0.06,0.24,0.44,

28,-25,0.26,0.05,0.24,0.46,

29,-25,0.26,0.04,0.22,0.48,

29,-24,0.26,0.05,0.24,0.46,

28,-24,0.24,0.06,0.25,0.45,

27,-24,0.25,0.05,0.25,0.45,

26,-24,0.25,0.07,0.25,0.43,

25,-24,0.25,0.07,0.26,0.42,

24,-24,0.25,0.08,0.26,0.41,

23,-24,0.25,0.10,0.26,0.40,

22,-24,0.25,0.09,0.26,0.40,

21,-24,0.26,0.09,0.26,0.39,

20,-24,0.25,0.10,0.26,0.38,

19,-24,0.26,0.11,0.26,0.38,

18,-24,0.25,0.10,0.26,0.38,

17,-24,0.26,0.10,0.26,0.38,

16,-24,0.26,0.12,0.26,0.37,

15,-24,0.26,0.10,0.27,0.38,

14,-24,0.26,0.10,0.27,0.37,

13,-24,0.26,0.11,0.27,0.37,

12,-24,0.26,0.10,0.27,0.37,

11,-24,0.26,0.10,0.27,0.37,

10,-24,0.25,0.10,0.27,0.37,

9,-24,0.26,0.09,0.28,0.37,

8,-24,0.25,0.11,0.28,0.36,

7,-24,0.25,0.11,0.28,0.35,

6,-24,0.25,0.11,0.28,0.35,

5,-24,0.24,0.11,0.29,0.36,

4,-24,0.26,0.05,0.31,0.38,

3,-24,0.24,0.12,0.29,0.35,

2,-24,0.23,0.12,0.29,0.35,

1,-24,0.23,0.13,0.30,0.34,

0,-24,0.23,0.13,0.30,0.34,

-1,-24,0.22,0.14,0.30,0.34,

-2,-24,0.22,0.14,0.30,0.34,

-3,-24,0.24,0.06,0.33,0.37,

-4,-24,0.21,0.15,0.30,0.34,

-5,-24,0.21,0.15,0.31,0.33,

-6,-24,0.21,0.15,0.31,0.33,

-7,-24,0.20,0.16,0.31,0.33,

-8,-24,0.20,0.16,0.31,0.33,

-9,-24,0.19,0.16,0.32,0.33,

-10,-24,0.19,0.15,0.33,0.33,

-11,-24,0.18,0.17,0.33,0.33,

-12,-24,0.17,0.17,0.33,0.33,

-13,-24,0.17,0.18,0.32,0.32,

-14,-24,0.17,0.17,0.33,0.32,

-15,-24,0.18,0.06,0.38,0.37,

-16,-24,0.15,0.18,0.34,0.32,

-17,-24,0.14,0.19,0.34,0.33,

-18,-24,0.14,0.21,0.33,0.32,

-19,-24,0.13,0.20,0.35,0.33,

-20,-24,0.13,0.23,0.34,0.31,

-21,-24,0.12,0.19,0.36,0.33,

-22,-24,0.12,0.22,0.35,0.31,

-23,-24,0.12,0.18,0.37,0.33,

-24,-24,0.09,0.19,0.39,0.34,

-25,-24,0.09,0.15,0.41,0.35,

-26,-24,0.09,0.09,0.47,0.36,

-27,-24,0.06,0.06,0.53,0.35,

-28,-24,0.03,0.00,0.77,0.20,

-29,-24,0.00,0.00,0.88,0.13,

-30,-24, NAN, NAN, NAN, NAN,

-30,-23,0.00,0.00,1.00,0.00,

-29,-23,0.00,0.00,0.88,0.13,

-28,-23,0.00,0.04,0.61,0.35,

-27,-23,0.01,0.13,0.49,0.37,

-26,-23,0.04,0.19,0.42,0.36,

-25,-23,0.06,0.18,0.41,0.35,

-24,-23,0.08,0.20,0.39,0.33,

-23,-23,0.09,0.21,0.37,0.33,

-22,-23,0.10,0.21,0.37,0.33,

-21,-23,0.10,0.21,0.36,0.33,

-20,-23,0.11,0.23,0.34,0.32,

-19,-23,0.12,0.21,0.35,0.32,

-18,-23,0.13,0.21,0.34,0.33,

-17,-23,0.13,0.20,0.34,0.33,

-16,-23,0.14,0.22,0.33,0.31,

-15,-23,0.15,0.19,0.33,0.33,

-14,-23,0.15,0.19,0.33,0.33,

-13,-23,0.16,0.19,0.33,0.32,

-12,-23,0.16,0.19,0.32,0.32,

-11,-23,0.17,0.18,0.33,0.33,

-10,-23,0.17,0.20,0.31,0.32,

-9,-23,0.18,0.20,0.31,0.32,

-8,-23,0.19,0.17,0.32,0.33,

-7,-23,0.20,0.16,0.31,0.33,

-6,-23,0.20,0.16,0.31,0.33,

-5,-23,0.20,0.16,0.31,0.33,

-4,-23,0.22,0.15,0.30,0.33,

-3,-23,0.21,0.15,0.30,0.33,

-2,-23,0.21,0.15,0.30,0.34,

-1,-23,0.22,0.14,0.30,0.34,

0,-23,0.22,0.14,0.30,0.34,

1,-23,0.23,0.14,0.30,0.34,

2,-23,0.23,0.13,0.29,0.34,

3,-23,0.23,0.13,0.30,0.34,

4,-23,0.23,0.14,0.29,0.34,

5,-23,0.24,0.12,0.29,0.35,

6,-23,0.25,0.12,0.29,0.35,

7,-23,0.25,0.12,0.29,0.35,

8,-23,0.25,0.12,0.28,0.36,

9,-23,0.26,0.11,0.28,0.35,

10,-23,0.26,0.11,0.27,0.36,

11,-23,0.26,0.10,0.27,0.36,

12,-23,0.26,0.09,0.28,0.37,

13,-23,0.26,0.10,0.27,0.36,

14,-23,0.26,0.10,0.27,0.36,

15,-23,0.26,0.11,0.26,0.36,

16,-23,0.26,0.11,0.26,0.37,

17,-23,0.27,0.11,0.26,0.37,

18,-23,0.26,0.11,0.26,0.37,

19,-23,0.25,0.13,0.25,0.36,

20,-23,0.26,0.10,0.26,0.38,

21,-23,0.26,0.11,0.25,0.38,

22,-23,0.26,0.12,0.25,0.37,

23,-23,0.26,0.11,0.25,0.38,

24,-23,0.26,0.09,0.25,0.40,

25,-23,0.26,0.08,0.25,0.41,

26,-23,0.26,0.08,0.25,0.41,

27,-23,0.26,0.07,0.25,0.42,

28,-23,0.26,0.06,0.24,0.44,

29,-23,0.26,0.06,0.24,0.45,

29,-22,0.25,0.05,0.25,0.44,

28,-22,0.25,0.07,0.25,0.43,

27,-22,0.25,0.07,0.26,0.42,

26,-22,0.25,0.08,0.26,0.41,

25,-22,0.26,0.09,0.26,0.40,

24,-22,0.25,0.10,0.25,0.40,

23,-22,0.26,0.10,0.26,0.39,

22,-22,0.26,0.12,0.21,0.40,

21,-22,0.27,0.12,0.19,0.41,

20,-22,0.25,0.13,0.25,0.36,

19,-22,0.26,0.12,0.26,0.37,

18,-22,0.26,0.11,0.26,0.37,

17,-22,0.26,0.12,0.26,0.36,

16,-22,0.26,0.11,0.26,0.36,

15,-22,0.26,0.11,0.26,0.37,

14,-22,0.27,0.10,0.27,0.36,

13,-22,0.26,0.10,0.27,0.36,

12,-22,0.26,0.10,0.27,0.36,

11,-22,0.26,0.11,0.28,0.36,

10,-22,0.24,0.19,0.25,0.32,

9,-22,0.25,0.12,0.28,0.35,

8,-22,0.25,0.12,0.28,0.35,

7,-22,0.25,0.12,0.28,0.35,

6,-22,0.27,0.00,0.33,0.40,

5,-22,0.25,0.13,0.29,0.34,

4,-22,0.24,0.13,0.29,0.34,

3,-22,0.24,0.13,0.29,0.34,

2,-22,0.24,0.13,0.29,0.34,

1,-22,0.23,0.14,0.30,0.34,

0,-22,0.23,0.14,0.29,0.33,

-1,-22,0.22,0.14,0.30,0.34,

-2,-22,0.22,0.15,0.30,0.33,

-3,-22,0.22,0.15,0.30,0.33,

-4,-22,0.21,0.16,0.30,0.32,

-5,-22,0.21,0.16,0.31,0.32,

-6,-22,0.21,0.16,0.31,0.32,

-7,-22,0.20,0.17,0.31,0.32,

-8,-22,0.20,0.17,0.31,0.32,

-9,-22,0.20,0.17,0.31,0.32,

-10,-22,0.19,0.18,0.31,0.32,

-11,-22,0.18,0.18,0.32,0.32,

-12,-22,0.18,0.19,0.32,0.32,

-13,-22,0.17,0.19,0.32,0.32,

-14,-22,0.17,0.19,0.33,0.32,

-15,-22,0.16,0.19,0.33,0.32,

-16,-22,0.16,0.21,0.32,0.31,

-17,-22,0.15,0.20,0.34,0.32,

-18,-22,0.15,0.20,0.34,0.32,

-19,-22,0.15,0.20,0.34,0.31,

-20,-22,0.12,0.23,0.34,0.31,

-21,-22,0.13,0.23,0.34,0.30,

-22,-22,0.12,0.24,0.34,0.31,

-23,-22,0.13,0.23,0.34,0.30,

-24,-22,0.10,0.23,0.36,0.31,

-25,-22,0.11,0.22,0.36,0.31,

-26,-22,0.09,0.17,0.41,0.34,

-27,-22,0.07,0.19,0.41,0.33,

-28,-22,0.09,0.04,0.54,0.33,

-29,-22,0.02,0.02,0.68,0.27,

-30,-22,0.08,0.00,0.77,0.15,

-30,-21,0.00,0.00,0.88,0.13,

-29,-21,0.00,0.02,0.71,0.26,

-28,-21,0.00,0.12,0.49,0.39,

-27,-21,0.04,0.17,0.44,0.36,

-26,-21,0.06,0.20,0.40,0.34,

-25,-21,0.07,0.22,0.38,0.33,

-24,-21,0.08,0.21,0.37,0.33,

-23,-21,0.10,0.22,0.36,0.32,

-22,-21,0.11,0.22,0.36,0.32,

-21,-21,0.12,0.22,0.35,0.32,

-20,-21,0.12,0.21,0.35,0.32,

-19,-21,0.13,0.21,0.34,0.32,

-18,-21,0.13,0.23,0.33,0.31,

-17,-21,0.14,0.20,0.33,0.32,

-16,-21,0.15,0.22,0.32,0.31,

-15,-21,0.16,0.22,0.32,0.31,

-14,-21,0.15,0.22,0.32,0.31,

-13,-21,0.17,0.19,0.32,0.32,

-12,-21,0.17,0.19,0.32,0.32,

-11,-21,0.18,0.19,0.32,0.32,

-10,-21,0.18,0.19,0.31,0.32,

-9,-21,0.18,0.18,0.31,0.32,

-8,-21,0.16,0.33,0.25,0.26,

-7,-21,0.20,0.18,0.31,0.32,

-6,-21,0.21,0.17,0.30,0.32,

-5,-21,0.21,0.17,0.30,0.32,

-4,-21,0.21,0.19,0.29,0.31,

-3,-21,0.21,0.16,0.30,0.32,

-2,-21,0.21,0.17,0.29,0.32,

-1,-21,0.22,0.16,0.29,0.33,

0,-21,0.23,0.15,0.30,0.33,

1,-21,0.22,0.18,0.28,0.32,

2,-21,0.23,0.16,0.29,0.32,

3,-21,0.24,0.14,0.29,0.34,

4,-21,0.24,0.14,0.29,0.33,

5,-21,0.25,0.13,0.28,0.34,

6,-21,0.24,0.16,0.27,0.33,

7,-21,0.25,0.13,0.28,0.34,

8,-21,0.25,0.12,0.28,0.35,

9,-21,0.26,0.12,0.28,0.35,

10,-21,0.26,0.11,0.28,0.35,

11,-21,0.26,0.12,0.27,0.35,

12,-21,0.26,0.11,0.27,0.36,

13,-21,0.26,0.11,0.27,0.36,

14,-21,0.26,0.11,0.27,0.36,

15,-21,0.27,0.09,0.27,0.37,

16,-21,0.27,0.10,0.27,0.37,

17,-21,0.26,0.11,0.26,0.36,

18,-21,0.26,0.14,0.25,0.35,

19,-21,0.26,0.14,0.26,0.35,

20,-21,0.26,0.14,0.26,0.35,

21,-21,0.25,0.14,0.25,0.36,

22,-21,0.26,0.13,0.25,0.36,

23,-21,0.26,0.11,0.25,0.37,

24,-21,0.27,0.10,0.25,0.39,

25,-21,0.26,0.11,0.25,0.38,

26,-21,0.25,0.12,0.25,0.38,

27,-21,0.27,0.07,0.25,0.41,

28,-21,0.26,0.08,0.25,0.42,

29,-21,0.26,0.06,0.25,0.43,

29,-20,0.26,0.07,0.25,0.42,

28,-20,0.25,0.08,0.25,0.42,

27,-20,0.25,0.08,0.26,0.41,

26,-20,0.26,0.09,0.26,0.40,

25,-20,0.25,0.11,0.26,0.39,

24,-20,0.25,0.11,0.25,0.38,

23,-20,0.24,0.14,0.25,0.37,

22,-20,0.25,0.14,0.25,0.36,

21,-20,0.25,0.14,0.25,0.36,

20,-20,0.26,0.12,0.26,0.36,

19,-20,0.26,0.11,0.26,0.37,

18,-20,0.25,0.12,0.26,0.37,

17,-20,0.26,0.11,0.26,0.36,

16,-20,0.26,0.11,0.27,0.36,

15,-20,0.26,0.11,0.27,0.36,

14,-20,0.27,0.12,0.27,0.35,

13,-20,0.26,0.14,0.26,0.34,

12,-20,0.26,0.12,0.27,0.35,

11,-20,0.26,0.11,0.28,0.35,

10,-20,0.28,0.05,0.29,0.37,

9,-20,0.26,0.13,0.27,0.34,

8,-20,0.25,0.13,0.28,0.34,

7,-20,0.25,0.13,0.28,0.34,

6,-20,0.25,0.13,0.28,0.34,

5,-20,0.25,0.14,0.28,0.34,

4,-20,0.24,0.15,0.28,0.32,

3,-20,0.24,0.14,0.29,0.33,

2,-20,0.24,0.15,0.29,0.33,

1,-20,0.24,0.15,0.29,0.32,

0,-20,0.23,0.15,0.29,0.32,

-1,-20,0.23,0.15,0.29,0.32,

-2,-20,0.22,0.16,0.29,0.32,

-3,-20,0.22,0.16,0.30,0.32,

-4,-20,0.22,0.17,0.30,0.32,

-5,-20,0.22,0.17,0.30,0.32,

-6,-20,0.21,0.18,0.30,0.31,

-7,-20,0.20,0.19,0.30,0.31,

-8,-20,0.20,0.18,0.30,0.32,

-9,-20,0.20,0.18,0.31,0.31,

-10,-20,0.19,0.20,0.30,0.31,

-11,-20,0.18,0.19,0.31,0.31,

-12,-20,0.18,0.19,0.32,0.31,

-13,-20,0.18,0.20,0.31,0.31,

-14,-20,0.19,0.11,0.35,0.34,

-15,-20,0.17,0.22,0.31,0.30,

-16,-20,0.16,0.20,0.32,0.31,

-17,-20,0.15,0.21,0.33,0.31,

-18,-20,0.15,0.21,0.33,0.31,

-19,-20,0.15,0.21,0.33,0.31,

-20,-20,0.14,0.22,0.34,0.31,

-21,-20,0.13,0.22,0.34,0.31,

-22,-20,0.13,0.22,0.35,0.31,

-23,-20,0.12,0.24,0.33,0.30,

-24,-20,0.11,0.22,0.36,0.31,

-25,-20,0.11,0.24,0.35,0.30,

-26,-20,0.10,0.24,0.36,0.30,

-27,-20,0.10,0.21,0.37,0.31,

-28,-20,0.08,0.17,0.41,0.34,

-29,-20,0.08,0.10,0.47,0.35,

-30,-20,0.07,0.02,0.67,0.24,

-30,-19,0.02,0.05,0.59,0.34,

-29,-19,0.01,0.12,0.49,0.38,

-28,-19,0.04,0.19,0.42,0.35,

-27,-19,0.07,0.21,0.39,0.33,

-26,-19,0.08,0.22,0.37,0.32,

-25,-19,0.09,0.23,0.37,0.32,

-24,-19,0.11,0.23,0.36,0.31,

-23,-19,0.11,0.23,0.35,0.31,

-22,-19,0.12,0.23,0.35,0.31,

-21,-19,0.12,0.23,0.34,0.31,

-20,-19,0.13,0.22,0.34,0.31,

-19,-19,0.13,0.23,0.33,0.31,

-18,-19,0.14,0.24,0.32,0.30,

-17,-19,0.17,0.21,0.32,0.30,

-16,-19,0.16,0.23,0.31,0.30,

-15,-19,0.16,0.23,0.31,0.30,

-14,-19,0.17,0.23,0.30,0.30,

-13,-19,0.18,0.21,0.31,0.30,

-12,-19,0.18,0.22,0.30,0.30,

-11,-19,0.18,0.23,0.30,0.30,

-10,-19,0.19,0.19,0.31,0.31,

-9,-19,0.19,0.19,0.31,0.31,

-8,-19,0.20,0.18,0.30,0.32,

-7,-19,0.20,0.20,0.29,0.30,

-6,-19,0.20,0.18,0.30,0.32,

-5,-19,0.11,0.22,0.32,0.34,

-4,-19,0.21,0.18,0.29,0.31,

-3,-19,0.23,0.11,0.32,0.34,

-2,-19,0.22,0.17,0.29,0.32,

-1,-19,0.22,0.19,0.28,0.31,

0,-19,0.22,0.16,0.29,0.32,

1,-19,0.23,0.16,0.29,0.32,

2,-19,0.22,0.18,0.28,0.32,

3,-19,0.23,0.15,0.28,0.33,

4,-19,0.24,0.15,0.28,0.33,

5,-19,0.24,0.14,0.28,0.33,

6,-19,0.24,0.14,0.28,0.33,

7,-19,0.25,0.14,0.28,0.34,

8,-19,0.25,0.13,0.28,0.34,

9,-19,0.25,0.15,0.27,0.33,

10,-19,0.26,0.13,0.27,0.34,

11,-19,0.25,0.14,0.27,0.34,

12,-19,0.26,0.12,0.27,0.35,

13,-19,0.26,0.12,0.27,0.35,

14,-19,0.26,0.12,0.27,0.35,

15,-19,0.27,0.12,0.27,0.35,

16,-19,0.27,0.12,0.27,0.35,

17,-19,0.27,0.12,0.27,0.35,

18,-19,0.27,0.11,0.27,0.36,

19,-19,0.26,0.13,0.26,0.35,

20,-19,0.27,0.11,0.26,0.36,

21,-19,0.26,0.11,0.26,0.37,

22,-19,0.26,0.13,0.26,0.35,

23,-19,0.26,0.11,0.26,0.36,

24,-19,0.26,0.11,0.26,0.37,

25,-19,0.26,0.10,0.26,0.38,

26,-19,0.27,0.10,0.26,0.38,

27,-19,0.26,0.09,0.26,0.39,

28,-19,0.26,0.10,0.25,0.39,

29,-19,0.26,0.07,0.25,0.41,

29,-18,0.25,0.08,0.25,0.41,

28,-18,0.25,0.10,0.25,0.40,

27,-18,0.25,0.11,0.25,0.38,

26,-18,0.25,0.10,0.26,0.39,

25,-18,0.25,0.11,0.26,0.38,

24,-18,0.25,0.12,0.26,0.37,

23,-18,0.25,0.13,0.25,0.36,

22,-18,0.25,0.11,0.27,0.37,

21,-18,0.26,0.11,0.27,0.36,

20,-18,0.25,0.14,0.26,0.35,

19,-18,0.25,0.12,0.27,0.36,

18,-18,0.27,0.12,0.27,0.35,

17,-18,0.27,0.12,0.27,0.35,

16,-18,0.26,0.13,0.26,0.34,

15,-18,0.26,0.13,0.27,0.35,

14,-18,0.26,0.13,0.26,0.34,

13,-18,0.27,0.11,0.27,0.35,

12,-18,0.25,0.15,0.26,0.34,

11,-18,0.26,0.14,0.27,0.33,

10,-18,0.26,0.14,0.27,0.34,

9,-18,0.26,0.14,0.27,0.34,

8,-18,0.25,0.14,0.28,0.34,

7,-18,0.25,0.14,0.28,0.33,

6,-18,0.25,0.15,0.28,0.33,

5,-18,0.25,0.13,0.29,0.33,

4,-18,0.24,0.15,0.28,0.33,

3,-18,0.24,0.16,0.29,0.32,

2,-18,0.24,0.16,0.29,0.32,

1,-18,0.23,0.16,0.29,0.32,

0,-18,0.23,0.17,0.29,0.31,

-1,-18,0.23,0.17,0.29,0.31,

-2,-18,0.23,0.17,0.29,0.31,

-3,-18,0.22,0.17,0.29,0.31,

-4,-18,0.22,0.18,0.29,0.31,

-5,-18,0.21,0.18,0.29,0.31,

-6,-18,0.21,0.19,0.30,0.31,

-7,-18,0.22,0.13,0.32,0.33,

-8,-18,0.21,0.19,0.29,0.31,

-9,-18,0.20,0.21,0.29,0.30,

-10,-18,0.20,0.20,0.30,0.30,

-11,-18,0.19,0.22,0.30,0.30,

-12,-18,0.19,0.20,0.30,0.30,

-13,-18,0.15,0.33,0.26,0.26,

-14,-18,0.18,0.21,0.31,0.30,

-15,-18,0.17,0.22,0.31,0.30,

-16,-18,0.17,0.22,0.31,0.30,

-17,-18,0.16,0.23,0.31,0.30,

-18,-18,0.15,0.22,0.32,0.30,

-19,-18,0.15,0.22,0.33,0.30,

-20,-18,0.14,0.22,0.33,0.30,

-21,-18,0.14,0.22,0.34,0.30,

-22,-18,0.13,0.23,0.34,0.30,

-23,-18,0.13,0.23,0.34,0.30,

-24,-18,0.12,0.23,0.35,0.31,

-25,-18,0.12,0.24,0.34,0.30,

-26,-18,0.12,0.24,0.34,0.29,

-27,-18,0.11,0.24,0.35,0.30,

-28,-18,0.10,0.22,0.37,0.31,

-29,-18,0.10,0.20,0.38,0.32,

-30,-18,0.08,0.14,0.43,0.34,

-30,-17,0.06,0.15,0.44,0.36,

-29,-17,0.04,0.23,0.40,0.33,

-28,-17,0.07,0.22,0.38,0.33,

-27,-17,0.09,0.23,0.37,0.31,

-26,-17,0.09,0.24,0.36,0.31,

-25,-17,0.10,0.24,0.36,0.31,

-24,-17,0.12,0.23,0.35,0.30,

-23,-17,0.12,0.23,0.34,0.31,

-22,-17,0.12,0.23,0.34,0.30,

-21,-17,0.13,0.24,0.34,0.30,

-20,-17,0.15,0.22,0.33,0.30,

-19,-17,0.14,0.23,0.33,0.30,

-18,-17,0.15,0.23,0.32,0.30,

-17,-17,0.15,0.23,0.32,0.30,

-16,-17,0.16,0.22,0.32,0.30,

-15,-17,0.16,0.22,0.32,0.31,

-14,-17,0.17,0.21,0.31,0.30,

-13,-17,0.17,0.21,0.31,0.30,

-12,-17,0.18,0.21,0.31,0.30,

-11,-17,0.19,0.20,0.31,0.30,

-10,-17,0.19,0.20,0.30,0.30,

-9,-17,0.20,0.20,0.30,0.30,

-8,-17,0.20,0.19,0.30,0.31,

-7,-17,0.20,0.19,0.30,0.31,

-6,-17,0.20,0.20,0.29,0.30,

-5,-17,0.21,0.19,0.29,0.31,

-4,-17,0.21,0.20,0.29,0.31,

-3,-17,0.22,0.18,0.29,0.31,

-2,-17,0.21,0.20,0.29,0.30,

-1,-17,0.22,0.19,0.28,0.31,

0,-17,0.22,0.19,0.28,0.31,

1,-17,0.22,0.18,0.28,0.32,

2,-17,0.23,0.17,0.28,0.32,

3,-17,0.23,0.16,0.28,0.32,

4,-17,0.24,0.15,0.28,0.32,

5,-17,0.24,0.16,0.28,0.32,

6,-17,0.24,0.15,0.28,0.32,

7,-17,0.25,0.15,0.28,0.33,

8,-17,0.25,0.14,0.28,0.33,

9,-17,0.25,0.14,0.27,0.34,

10,-17,0.25,0.14,0.27,0.33,

11,-17,0.25,0.17,0.26,0.33,

12,-17,0.26,0.13,0.27,0.34,

13,-17,0.26,0.13,0.27,0.34,

14,-17,0.26,0.13,0.27,0.34,

15,-17,0.26,0.13,0.26,0.34,

16,-17,0.26,0.12,0.27,0.35,

17,-17,0.25,0.15,0.25,0.34,

18,-17,0.27,0.12,0.26,0.35,

19,-17,0.26,0.13,0.26,0.34,

20,-17,0.26,0.13,0.26,0.35,

21,-17,0.26,0.13,0.26,0.35,

22,-17,0.26,0.14,0.26,0.35,

23,-17,0.27,0.11,0.26,0.36,

24,-17,0.27,0.11,0.26,0.36,

25,-17,0.26,0.11,0.26,0.36,

26,-17,0.26,0.11,0.26,0.37,

27,-17,0.26,0.13,0.25,0.36,

28,-17,0.26,0.11,0.25,0.38,

29,-17,0.26,0.11,0.25,0.38,

29,-16,0.40,0.08,0.21,0.32,

28,-16,0.26,0.10,0.26,0.39,

27,-16,0.25,0.13,0.25,0.37,

26,-16,0.26,0.10,0.26,0.38,

25,-16,0.26,0.11,0.26,0.36,

24,-16,0.26,0.11,0.27,0.37,

23,-16,0.25,0.14,0.26,0.35,

22,-16,0.28,0.05,0.28,0.39,

21,-16,0.27,0.12,0.27,0.35,

20,-16,0.28,0.07,0.28,0.37,

19,-16,0.26,0.14,0.26,0.34,

18,-16,0.29,0.06,0.29,0.37,

17,-16,0.26,0.13,0.26,0.35,

16,-16,0.26,0.13,0.27,0.34,

15,-16,0.26,0.13,0.27,0.34,

14,-16,0.26,0.13,0.26,0.34,

13,-16,0.26,0.13,0.27,0.34,

12,-16,0.26,0.14,0.26,0.33,

11,-16,0.28,0.19,0.30,0.23,

10,-16,0.25,0.14,0.27,0.34,

9,-16,0.25,0.14,0.27,0.33,

8,-16,0.25,0.14,0.28,0.33,

7,-16,0.25,0.15,0.28,0.33,

6,-16,0.22,0.25,0.25,0.29,

5,-16,0.25,0.16,0.28,0.32,

4,-16,0.26,0.11,0.30,0.34,

3,-16,0.24,0.16,0.28,0.32,

2,-16,0.23,0.17,0.28,0.31,

1,-16,0.22,0.20,0.27,0.31,

0,-16,0.23,0.17,0.28,0.31,

-1,-16,0.22,0.20,0.28,0.30,

-2,-16,0.23,0.15,0.30,0.32,

-3,-16,0.22,0.18,0.29,0.31,

-4,-16,0.22,0.19,0.29,0.31,

-5,-16,0.22,0.19,0.29,0.31,

-6,-16,0.21,0.19,0.29,0.31,

-7,-16,0.21,0.19,0.30,0.30,

-8,-16,0.21,0.18,0.30,0.31,

-9,-16,0.21,0.20,0.29,0.30,

-10,-16,0.20,0.22,0.29,0.29,

-11,-16,0.19,0.22,0.29,0.29,

-12,-16,0.19,0.21,0.30,0.30,

-13,-16,0.19,0.21,0.30,0.30,

-14,-16,0.19,0.22,0.30,0.29,

-15,-16,0.18,0.22,0.31,0.29,

-16,-16,0.17,0.22,0.31,0.30,

-17,-16,0.16,0.22,0.32,0.30,

-18,-16,0.16,0.22,0.32,0.30,

-19,-16,0.15,0.24,0.32,0.29,

-20,-16,0.15,0.23,0.33,0.30,

-21,-16,0.15,0.25,0.32,0.28,

-22,-16,0.14,0.23,0.34,0.30,

-23,-16,0.13,0.23,0.34,0.30,

-24,-16,0.13,0.23,0.34,0.30,

-25,-16,0.12,0.24,0.34,0.30,

-26,-16,0.12,0.23,0.35,0.30,

-27,-16,0.11,0.23,0.35,0.30,

-28,-16,0.11,0.22,0.36,0.31,

-29,-16,0.10,0.20,0.38,0.32,

-30,-16,0.09,0.18,0.40,0.32,

-30,-15,0.07,0.18,0.42,0.34,

-29,-15,0.06,0.22,0.39,0.33,

-28,-15,0.08,0.23,0.37,0.32,

-27,-15,0.10,0.24,0.36,0.31,

-26,-15,0.10,0.26,0.34,0.30,

-25,-15,0.11,0.25,0.34,0.30,

-24,-15,0.12,0.26,0.34,0.29,

-23,-15,0.12,0.25,0.33,0.29,

-22,-15,0.13,0.24,0.34,0.30,

-21,-15,0.13,0.24,0.33,0.30,

-20,-15,0.14,0.23,0.33,0.30,

-19,-15,0.15,0.23,0.33,0.29,

-18,-15,0.16,0.22,0.32,0.29,

-17,-15,0.16,0.23,0.32,0.30,

-16,-15,0.16,0.23,0.31,0.30,

-15,-15,0.16,0.24,0.31,0.29,

-14,-15,0.17,0.24,0.30,0.29,

-13,-15,0.19,0.21,0.30,0.30,

-12,-15,0.18,0.21,0.30,0.30,

-11,-15,0.19,0.21,0.30,0.30,

-10,-15,0.19,0.21,0.30,0.30,

-9,-15,0.19,0.21,0.30,0.30,

-8,-15,0.20,0.20,0.30,0.30,

-7,-15,0.20,0.21,0.29,0.30,

-6,-15,0.21,0.20,0.29,0.30,

-5,-15,0.21,0.19,0.29,0.31,

-4,-15,0.21,0.21,0.28,0.30,

-3,-15,0.22,0.19,0.29,0.31,

-2,-15,0.22,0.19,0.29,0.31,

-1,-15,0.23,0.18,0.29,0.31,

0,-15,0.25,0.09,0.31,0.34,

1,-15,0.23,0.18,0.28,0.32,

2,-15,0.24,0.16,0.29,0.32,

3,-15,0.24,0.17,0.28,0.32,

4,-15,0.24,0.16,0.28,0.32,

5,-15,0.23,0.19,0.27,0.31,

6,-15,0.24,0.17,0.27,0.32,

7,-15,0.24,0.18,0.26,0.32,

8,-15,0.27,0.07,0.30,0.36,

9,-15,0.25,0.15,0.27,0.33,

10,-15,0.25,0.14,0.27,0.33,

11,-15,0.25,0.14,0.27,0.34,

12,-15,0.25,0.14,0.27,0.34,

13,-15,0.26,0.14,0.27,0.34,

14,-15,0.26,0.13,0.27,0.34,

15,-15,0.26,0.14,0.26,0.34,

16,-15,0.26,0.13,0.27,0.34,

17,-15,0.25,0.16,0.26,0.33,

18,-15,0.25,0.16,0.25,0.34,

19,-15,0.25,0.15,0.25,0.34,

20,-15,0.26,0.13,0.26,0.35,

21,-15,0.26,0.13,0.26,0.35,

22,-15,0.26,0.13,0.26,0.35,

23,-15,0.27,0.12,0.26,0.36,

24,-15,0.26,0.12,0.26,0.35,

25,-15,0.27,0.11,0.26,0.36,

26,-15,0.25,0.14,0.25,0.35,

27,-15,0.25,0.13,0.25,0.36,

28,-15,0.25,0.12,0.25,0.37,

29,-15,0.26,0.11,0.25,0.37,

29,-14,0.26,0.10,0.26,0.39,

28,-14,0.25,0.12,0.26,0.38,

27,-14,0.26,0.12,0.26,0.37,

26,-14,0.26,0.12,0.26,0.36,

25,-14,0.26,0.11,0.27,0.36,

24,-14,0.26,0.13,0.25,0.36,

23,-14,0.26,0.14,0.26,0.35,

22,-14,0.28,0.06,0.28,0.38,

21,-14,0.25,0.16,0.25,0.34,

20,-14,0.25,0.15,0.25,0.35,

19,-14,0.25,0.15,0.25,0.34,

18,-14,0.26,0.13,0.26,0.34,

17,-14,0.26,0.12,0.26,0.35,

16,-14,0.27,0.11,0.27,0.35,

15,-14,0.26,0.13,0.26,0.34,

14,-14,0.26,0.15,0.26,0.33,

13,-14,0.25,0.17,0.26,0.33,

12,-14,0.25,0.17,0.26,0.32,

11,-14,0.25,0.17,0.26,0.32,

10,-14,0.25,0.16,0.26,0.33,

9,-14,0.24,0.18,0.26,0.32,

8,-14,0.25,0.15,0.27,0.33,

7,-14,0.25,0.16,0.27,0.32,

6,-14,0.24,0.17,0.27,0.32,

5,-14,0.24,0.18,0.27,0.31,

4,-14,0.24,0.16,0.28,0.32,

3,-14,0.24,0.16,0.28,0.32,

2,-14,0.23,0.18,0.28,0.31,

1,-14,0.23,0.20,0.27,0.31,

0,-14,0.23,0.18,0.28,0.31,

-1,-14,0.23,0.18,0.29,0.31,

-2,-14,0.23,0.18,0.29,0.31,

-3,-14,0.22,0.18,0.28,0.31,

-4,-14,0.22,0.19,0.28,0.30,

-5,-14,0.21,0.19,0.29,0.30,

-6,-14,0.21,0.20,0.29,0.30,

-7,-14,0.21,0.20,0.29,0.30,

-8,-14,0.21,0.20,0.29,0.30,

-9,-14,0.21,0.20,0.29,0.30,

-10,-14,0.20,0.21,0.30,0.29,

-11,-14,0.20,0.21,0.30,0.30,

-12,-14,0.19,0.23,0.29,0.29,

-13,-14,0.19,0.22,0.30,0.29,

-14,-14,0.19,0.23,0.30,0.29,

-15,-14,0.18,0.23,0.30,0.28,

-16,-14,0.18,0.23,0.30,0.29,

-17,-14,0.17,0.22,0.32,0.29,

-18,-14,0.18,0.16,0.34,0.32,

-19,-14,0.17,0.23,0.32,0.29,

-20,-14,0.15,0.23,0.32,0.29,

-21,-14,0.15,0.23,0.33,0.29,

-22,-14,0.14,0.23,0.33,0.29,

-23,-14,0.13,0.25,0.33,0.29,

-24,-14,0.14,0.24,0.33,0.29,

-25,-14,0.13,0.24,0.34,0.29,

-26,-14,0.12,0.24,0.34,0.30,

-27,-14,0.13,0.23,0.34,0.30,

-28,-14,0.11,0.23,0.35,0.30,

-29,-14,0.12,0.22,0.36,0.31,

-30,-14,0.10,0.19,0.39,0.33,

-30,-13,0.08,0.19,0.40,0.33,

-29,-13,0.07,0.22,0.38,0.33,

-28,-13,0.09,0.24,0.36,0.31,

-27,-13,0.00,0.45,0.29,0.25,

-26,-13,0.12,0.26,0.34,0.29,

-25,-13,0.13,0.25,0.33,0.29,

-24,-13,0.14,0.25,0.33,0.29,

-23,-13,0.13,0.25,0.33,0.29,

-22,-13,0.14,0.24,0.33,0.29,

-21,-13,0.14,0.24,0.33,0.30,

-20,-13,0.14,0.24,0.33,0.29,

-19,-13,0.15,0.24,0.32,0.29,

-18,-13,0.15,0.23,0.32,0.30,

-17,-13,0.16,0.23,0.32,0.29,

-16,-13,0.16,0.23,0.31,0.30,

-15,-13,0.17,0.22,0.31,0.30,

-14,-13,0.17,0.22,0.31,0.29,

-13,-13,0.18,0.22,0.30,0.30,

-12,-13,0.19,0.21,0.30,0.30,

-11,-13,0.19,0.22,0.30,0.30,

-10,-13,0.19,0.21,0.30,0.30,

-9,-13,0.20,0.21,0.30,0.30,

-8,-13,0.20,0.20,0.29,0.30,

-7,-13,0.21,0.20,0.29,0.30,

-6,-13,0.21,0.20,0.29,0.30,

-5,-13,0.21,0.20,0.29,0.30,

-4,-13,0.22,0.19,0.29,0.31,

-3,-13,0.22,0.19,0.29,0.30,

-2,-13,0.22,0.20,0.28,0.30,

-1,-13,0.26,0.08,0.32,0.35,

0,-13,0.23,0.18,0.28,0.31,

1,-13,0.23,0.19,0.27,0.30,

2,-13,0.23,0.20,0.27,0.30,

3,-13,0.23,0.19,0.27,0.31,

4,-13,0.24,0.16,0.28,0.32,

5,-13,0.25,0.15,0.28,0.32,

6,-13,0.25,0.16,0.28,0.32,

7,-13,0.24,0.18,0.27,0.31,

8,-13,0.24,0.17,0.27,0.32,

9,-13,0.25,0.15,0.27,0.33,

10,-13,0.25,0.17,0.26,0.32,

11,-13,0.26,0.14,0.27,0.33,

12,-13,0.26,0.14,0.26,0.33,

13,-13,0.26,0.14,0.26,0.34,

14,-13,0.26,0.14,0.27,0.34,

15,-13,0.25,0.17,0.26,0.33,

16,-13,0.25,0.17,0.25,0.33,

17,-13,0.25,0.15,0.26,0.34,

18,-13,0.26,0.15,0.25,0.34,

19,-13,0.27,0.12,0.26,0.35,

20,-13,0.26,0.14,0.25,0.35,

21,-13,0.27,0.12,0.26,0.35,

22,-13,0.27,0.12,0.26,0.35,

23,-13,0.26,0.15,0.25,0.34,

24,-13,0.27,0.13,0.25,0.35,

25,-13,0.27,0.11,0.26,0.36,

26,-13,0.26,0.14,0.25,0.35,

27,-13,0.26,0.14,0.25,0.35,

28,-13,0.26,0.11,0.26,0.37,

29,-13,0.26,0.12,0.25,0.37,

29,-12,0.26,0.10,0.26,0.38,

28,-12,0.26,0.11,0.26,0.37,

27,-12,0.25,0.13,0.26,0.36,

26,-12,0.26,0.11,0.26,0.36,

25,-12,0.26,0.12,0.26,0.36,

24,-12,0.26,0.12,0.26,0.36,

23,-12,0.26,0.12,0.27,0.36,

22,-12,0.26,0.14,0.26,0.34,

21,-12,0.27,0.12,0.27,0.35,

20,-12,0.26,0.15,0.26,0.34,

19,-12,0.25,0.15,0.25,0.34,

18,-12,0.27,0.13,0.26,0.34,

17,-12,0.25,0.16,0.25,0.33,

16,-12,0.25,0.16,0.25,0.33,

15,-12,0.26,0.14,0.26,0.34,

14,-12,0.25,0.17,0.25,0.33,

13,-12,0.26,0.14,0.27,0.33,

12,-12,0.25,0.17,0.26,0.32,

11,-12,0.25,0.17,0.26,0.32,

10,-12,0.25,0.15,0.27,0.33,

9,-12,0.24,0.18,0.26,0.32,

8,-12,0.24,0.18,0.26,0.32,

7,-12,0.24,0.19,0.26,0.31,

6,-12,0.25,0.16,0.27,0.32,

5,-12,0.25,0.17,0.28,0.31,

4,-12,0.24,0.17,0.28,0.31,

3,-12,0.24,0.17,0.27,0.31,

2,-12,0.24,0.17,0.28,0.31,

1,-12,0.23,0.18,0.28,0.31,

0,-12,0.23,0.18,0.28,0.31,

-1,-12,0.23,0.18,0.28,0.31,

-2,-12,0.23,0.18,0.28,0.31,

-3,-12,0.22,0.21,0.28,0.29,

-4,-12,0.22,0.19,0.28,0.30,

-5,-12,0.22,0.19,0.29,0.30,

-6,-12,0.21,0.20,0.29,0.30,

-7,-12,0.21,0.21,0.29,0.29,

-8,-12,0.21,0.20,0.29,0.30,

-9,-12,0.21,0.21,0.29,0.29,

-10,-12,0.21,0.21,0.29,0.29,

-11,-12,0.20,0.21,0.30,0.30,

-12,-12,0.19,0.22,0.30,0.29,

-13,-12,0.18,0.18,0.32,0.32,

-14,-12,0.18,0.22,0.30,0.29,

-15,-12,0.18,0.24,0.30,0.28,

-16,-12,0.18,0.24,0.30,0.28,

-17,-12,0.17,0.23,0.31,0.29,

-18,-12,0.17,0.24,0.31,0.28,

-19,-12,0.17,0.24,0.31,0.28,

-20,-12,0.16,0.24,0.31,0.28,

-21,-12,0.15,0.23,0.32,0.29,

-22,-12,0.15,0.25,0.32,0.28,

-23,-12,0.15,0.24,0.32,0.29,

-24,-12,0.15,0.24,0.33,0.28,

-25,-12,0.06,0.26,0.37,0.32,

-26,-12,0.14,0.25,0.32,0.28,

-27,-12,0.14,0.25,0.33,0.28,

-28,-12,0.13,0.25,0.33,0.29,

-29,-12,0.11,0.23,0.36,0.31,

-30,-12,0.11,0.21,0.37,0.31,

-30,-11,0.10,0.22,0.37,0.31,

-29,-11,0.09,0.25,0.35,0.30,

-28,-11,0.11,0.16,0.40,0.34,

-27,-11,0.11,0.24,0.35,0.30,

-26,-11,0.12,0.24,0.34,0.30,

-25,-11,0.12,0.25,0.34,0.29,

-24,-11,0.13,0.26,0.33,0.28,

-23,-11,0.13,0.25,0.34,0.29,

-22,-11,0.14,0.24,0.33,0.29,

-21,-11,0.14,0.24,0.32,0.29,

-20,-11,0.15,0.24,0.32,0.29,

-19,-11,0.15,0.24,0.32,0.29,

-18,-11,0.16,0.24,0.32,0.29,

-17,-11,0.16,0.24,0.31,0.29,

-16,-11,0.16,0.23,0.31,0.29,

-15,-11,0.18,0.23,0.31,0.29,

-14,-11,0.18,0.22,0.31,0.29,

-13,-11,0.18,0.22,0.31,0.29,

-12,-11,0.19,0.22,0.30,0.29,

-11,-11,0.19,0.22,0.30,0.29,

-10,-11,0.19,0.23,0.29,0.29,

-9,-11,0.20,0.21,0.29,0.29,

-8,-11,0.20,0.21,0.29,0.30,

-7,-11,0.23,0.22,0.23,0.32,

-6,-11,0.21,0.22,0.28,0.29,

-5,-11,0.21,0.22,0.28,0.29,

-4,-11,0.21,0.22,0.28,0.29,

-3,-11,0.22,0.19,0.28,0.30,

-2,-11,0.22,0.19,0.28,0.30,

-1,-11,0.23,0.19,0.28,0.30,

0,-11,0.23,0.19,0.28,0.30,

1,-11,0.23,0.18,0.28,0.31,

2,-11,0.24,0.18,0.28,0.31,

3,-11,0.24,0.18,0.28,0.31,

4,-11,0.24,0.17,0.28,0.31,

5,-11,0.24,0.17,0.27,0.31,

6,-11,0.25,0.16,0.27,0.32,

7,-11,0.24,0.19,0.26,0.31,

8,-11,0.24,0.19,0.26,0.31,

9,-11,0.24,0.18,0.26,0.31,

10,-11,0.26,0.14,0.27,0.33,

11,-11,0.25,0.17,0.26,0.32,

12,-11,0.26,0.14,0.26,0.33,

13,-11,0.26,0.15,0.26,0.33,

14,-11,0.25,0.17,0.25,0.32,

15,-11,0.26,0.14,0.26,0.33,

16,-11,0.25,0.18,0.25,0.32,

17,-11,0.26,0.17,0.25,0.32,

18,-11,0.26,0.17,0.25,0.32,

19,-11,0.27,0.15,0.25,0.34,

20,-11,0.26,0.16,0.25,0.33,

21,-11,0.27,0.13,0.26,0.34,

22,-11,0.27,0.12,0.26,0.35,

23,-11,0.27,0.12,0.26,0.35,

24,-11,0.27,0.12,0.26,0.35,

25,-11,0.27,0.12,0.26,0.36,

26,-11,0.26,0.14,0.25,0.34,

27,-11,0.27,0.11,0.26,0.36,

28,-11,0.26,0.14,0.25,0.35,

29,-11,0.29,0.04,0.28,0.39,

29,-10,0.20,0.11,0.28,0.41,

28,-10,0.26,0.11,0.26,0.36,

27,-10,0.27,0.11,0.26,0.36,

26,-10,0.26,0.14,0.25,0.35,

25,-10,0.27,0.12,0.26,0.35,

24,-10,0.26,0.15,0.25,0.34,

23,-10,0.27,0.12,0.26,0.35,

22,-10,0.26,0.16,0.25,0.33,

21,-10,0.26,0.15,0.26,0.33,

20,-10,0.26,0.16,0.25,0.33,

19,-10,0.25,0.17,0.25,0.32,

18,-10,0.26,0.14,0.26,0.33,

17,-10,0.26,0.18,0.24,0.32,

16,-10,0.27,0.14,0.26,0.33,

15,-10,0.27,0.14,0.26,0.34,

14,-10,0.26,0.17,0.25,0.32,

13,-10,0.26,0.15,0.26,0.33,

12,-10,0.25,0.18,0.25,0.31,

11,-10,0.25,0.18,0.25,0.31,

10,-10,0.28,0.10,0.28,0.34,

9,-10,0.25,0.17,0.26,0.31,

8,-10,0.25,0.16,0.27,0.32,

7,-10,0.24,0.19,0.26,0.31,

6,-10,0.24,0.19,0.26,0.30,

5,-10,0.25,0.17,0.27,0.31,

4,-10,0.25,0.17,0.27,0.31,

3,-10,0.25,0.18,0.27,0.31,

2,-10,0.24,0.19,0.27,0.30,

1,-10,0.24,0.18,0.27,0.30,

0,-10,0.23,0.19,0.27,0.30,

-1,-10,0.25,0.14,0.30,0.32,

-2,-10,0.23,0.19,0.28,0.30,

-3,-10,0.22,0.21,0.28,0.29,

-4,-10,0.22,0.19,0.29,0.30,

-5,-10,0.22,0.22,0.28,0.29,

-6,-10,0.22,0.21,0.28,0.29,

-7,-10,0.21,0.21,0.28,0.29,

-8,-10,0.21,0.21,0.29,0.29,

-9,-10,0.20,0.23,0.28,0.28,

-10,-10,0.21,0.22,0.29,0.28,

-11,-10,0.20,0.22,0.29,0.29,

-12,-10,0.19,0.22,0.29,0.29,

-13,-10,0.19,0.22,0.30,0.29,

-14,-10,0.19,0.22,0.31,0.29,

-15,-10,0.17,0.23,0.31,0.29,

-16,-10,0.17,0.23,0.31,0.29,

-17,-10,0.17,0.24,0.31,0.28,

-18,-10,0.17,0.25,0.31,0.28,

-19,-10,0.16,0.25,0.31,0.28,

-20,-10,0.16,0.24,0.32,0.28,

-21,-10,0.15,0.25,0.32,0.28,

-22,-10,0.16,0.24,0.32,0.29,

-23,-10,0.16,0.25,0.32,0.28,

-24,-10,0.13,0.26,0.32,0.28,

-25,-10,0.14,0.25,0.33,0.29,

-26,-10,0.13,0.26,0.33,0.28,

-27,-10,0.12,0.26,0.33,0.29,

-28,-10,0.12,0.26,0.34,0.29,

-29,-10,0.13,0.25,0.34,0.29,

-30,-10,0.12,0.22,0.35,0.30,

-30,-9,0.11,0.25,0.35,0.30,

-29,-9,0.11,0.24,0.35,0.30,

-28,-9,0.10,0.24,0.35,0.30,

-27,-9,0.12,0.25,0.34,0.29,

-26,-9,0.12,0.25,0.34,0.29,

-25,-9,0.12,0.26,0.33,0.28,

-24,-9,0.14,0.25,0.32,0.28,

-23,-9,0.15,0.25,0.32,0.28,

-22,-9,0.15,0.25,0.32,0.28,

-21,-9,0.15,0.24,0.32,0.29,

-20,-9,0.15,0.25,0.31,0.28,

-19,-9,0.15,0.24,0.32,0.29,

-18,-9,0.16,0.24,0.31,0.29,

-17,-9,0.16,0.24,0.31,0.29,

-16,-9,0.17,0.24,0.30,0.29,

-15,-9,0.15,0.24,0.31,0.30,

-14,-9,0.18,0.23,0.30,0.29,

-13,-9,0.18,0.23,0.30,0.29,

-12,-9,0.20,0.22,0.29,0.29,

-11,-9,0.20,0.22,0.29,0.28,

-10,-9,0.20,0.23,0.29,0.28,

-9,-9,0.20,0.23,0.28,0.28,

-8,-9,0.21,0.22,0.28,0.29,

-7,-9,0.21,0.22,0.28,0.29,

-6,-9,0.22,0.22,0.28,0.29,

-5,-9,0.21,0.22,0.28,0.29,

-4,-9,0.22,0.21,0.27,0.29,

-3,-9,0.21,0.25,0.26,0.28,

-2,-9,0.24,0.16,0.29,0.31,

-1,-9,0.23,0.19,0.28,0.30,

0,-9,0.23,0.19,0.27,0.30,

1,-9,0.24,0.19,0.27,0.30,

2,-9,0.24,0.18,0.27,0.30,

3,-9,0.24,0.20,0.27,0.30,

4,-9,0.24,0.18,0.27,0.31,

5,-9,0.24,0.20,0.26,0.30,

6,-9,0.24,0.20,0.26,0.30,

7,-9,0.24,0.20,0.26,0.30,

8,-9,0.25,0.18,0.26,0.31,

9,-9,0.25,0.19,0.25,0.31,

10,-9,0.25,0.17,0.26,0.31,

11,-9,0.26,0.16,0.26,0.32,

12,-9,0.26,0.15,0.26,0.33,

13,-9,0.27,0.15,0.26,0.33,

14,-9,0.26,0.17,0.25,0.32,

15,-9,0.26,0.18,0.25,0.32,

16,-9,0.28,0.12,0.26,0.34,

17,-9,0.26,0.17,0.25,0.32,

18,-9,0.26,0.17,0.25,0.33,

19,-9,0.26,0.17,0.24,0.32,

20,-9,0.26,0.16,0.25,0.32,

21,-9,0.26,0.16,0.25,0.32,

22,-9,0.27,0.13,0.25,0.34,

23,-9,0.27,0.14,0.25,0.34,

24,-9,0.28,0.12,0.26,0.35,

25,-9,0.28,0.12,0.26,0.35,

26,-9,0.28,0.12,0.26,0.35,

27,-9,0.27,0.11,0.25,0.36,

28,-9,0.28,0.11,0.25,0.36,

29,-9,0.27,0.13,0.25,0.35,

29,-8,0.28,0.11,0.25,0.36,

28,-8,0.27,0.11,0.25,0.36,

27,-8,0.27,0.11,0.25,0.36,

26,-8,0.28,0.12,0.25,0.35,

25,-8,0.27,0.12,0.25,0.35,

24,-8,0.27,0.12,0.25,0.35,

23,-8,0.26,0.15,0.25,0.34,

22,-8,0.26,0.16,0.25,0.33,

21,-8,0.26,0.16,0.25,0.33,

20,-8,0.26,0.18,0.24,0.32,

19,-8,0.26,0.17,0.25,0.33,

18,-8,0.27,0.14,0.26,0.33,

17,-8,0.26,0.18,0.24,0.32,

16,-8,0.26,0.17,0.25,0.32,

15,-8,0.26,0.18,0.25,0.32,

14,-8,0.27,0.15,0.25,0.33,

13,-8,0.26,0.17,0.25,0.32,

12,-8,0.26,0.18,0.25,0.32,

11,-8,0.27,0.16,0.26,0.32,

10,-8,0.26,0.16,0.27,0.31,

9,-8,0.26,0.16,0.26,0.32,

8,-8,0.26,0.16,0.27,0.31,

7,-8,0.25,0.17,0.27,0.31,

6,-8,0.25,0.19,0.26,0.30,

5,-8,0.25,0.18,0.26,0.31,

4,-8,0.25,0.18,0.27,0.31,

3,-8,0.24,0.20,0.26,0.30,

2,-8,0.24,0.20,0.27,0.29,

1,-8,0.24,0.19,0.27,0.30,

0,-8,0.24,0.19,0.27,0.30,

-1,-8,0.23,0.20,0.27,0.30,

-2,-8,0.23,0.20,0.28,0.29,

-3,-8,0.23,0.20,0.28,0.29,

-4,-8,0.22,0.21,0.28,0.29,

-5,-8,0.22,0.21,0.28,0.29,

-6,-8,0.22,0.21,0.28,0.29,

-7,-8,0.23,0.16,0.30,0.30,

-8,-8,0.21,0.22,0.29,0.29,

-9,-8,0.21,0.22,0.28,0.29,

-10,-8,0.21,0.22,0.28,0.28,

-11,-8,0.20,0.23,0.29,0.28,

-12,-8,0.19,0.23,0.29,0.28,

-13,-8,0.19,0.23,0.29,0.29,

-14,-8,0.20,0.24,0.29,0.28,

-15,-8,0.19,0.23,0.30,0.28,

-16,-8,0.18,0.24,0.30,0.28,

-17,-8,0.17,0.24,0.31,0.28,

-18,-8,0.17,0.25,0.30,0.28,

-19,-8,0.18,0.25,0.30,0.27,

-20,-8,0.16,0.25,0.31,0.28,

-21,-8,0.15,0.25,0.32,0.28,

-22,-8,0.16,0.25,0.31,0.27,

